1.86721
-0.179559
-1.22018
0.774015
3.13181
2.05959
2.34989
0.437786
-2.18106
-1.54663
0.370461
0.374765
1.44284
1.86188
-1.38781
1.65195
-0.130138
-0.222472
-0.303377
-1.96373
1.67639
0.878594
-0.0637115
-0.326197
0.172871
0.159268
-2.81198
-0.796325
-0.0224577
-0.796069
-2.99137
-2.13277
0.61126
-0.101849
-1.19717
4.33274
4.30069
0.442461
1.47092
2.54222
-1.03032
0.12786
1.78028
0.940668
2.6309
-1.39223
-1.02643
-1.01134
1.32332
0.344234
-0.76752
2.81557
0.342141
2.5693
3.43919
-0.117896
2.63912
0.498158
1.98636
1.8951
0.169371
-0.0476186
3.14629
-0.26827
3.22883
0.817574
1.10019
1.70626
0.119317
3.00883
0.320762
1.73087
1.39205
-0.29909
0.896989
0.342436
0.604221
-1.63601
0.641501
1.9746
1.97232
0.143291
1.40604
-0.352354
0.934534
1.78551
0.902314
-0.702848
1.42894
1.28205
-0.373045
3.44832
-0.407816
-2.27532
0.896211
-0.206641
0.490122
0.937204
2.80239
1.91752
