0.272949
1.4264
-0.597276
3.04952
0.818491
-0.126412
-1.13462
1.47754
2.30173
-0.552385
1.41068
-1.58632
2.73529
1.8359
0.0161819
-1.48705
0.223334
-2.75916
-0.79711
0.918615
1.746
-2.74405
0.9038
1.24255
1.34414
1.97676
1.38258
-0.385511
-0.0107603
-0.758099
1.96244
1.52939
-0.985596
-1.6987
1.06446
1.23295
2.96966
0.385822
-0.334196
-0.596743
0.115142
0.703308
1.51577
-0.0596486
-0.684049
-0.157202
0.402969
0.0290284
3.16826
2.3106
1.99478
-0.350194
-1.45022
1.70765
-0.519889
0.984652
1.04122
-0.258556
1.84051
3.42116
0.89271
0.812146
-0.138522
0.400461
2.72381
-2.9828
0.886019
1.5004
1.04115
0.637381
1.00214
2.66618
-0.537762
0.689614
0.534458
1.81706
-0.0350943
0.644935
1.358
3.80442
1.92558
-0.849529
-0.968744
-1.01859
-0.441721
1.62019
0.714843
1.44655
-3.01544
1.51633
-0.334704
2.41819
2.19249
-0.499502
0.714212
0.863372
2.00709
0.692616
1.31281
0.18281
-2.50162
2.4839
-0.565519
-0.0111737
-0.103246
1.44175
1.10813
2.16994
-2.48388
2.67886
2.00006
1.5353
1.37933
-0.57145
0.631629
0.520728
-1.02053
1.66722
-2.31129
2.39541
-0.573209
0.142607
-0.924989
0.412483
0.676355
2.36468
1.23262
-0.174907
-0.25237
-0.375428
-2.17837
-0.943437
0.675017
2.1765
-0.185926
-2.40283
0.0406857
1.99852
1.65769
-1.77049
1.38549
0.134185
0.507987
-1.42554
-0.114084
0.85137
2.71379
-1.23098
-0.86787
1.86105
-0.345417
1.56138
-0.385098
0.670116
2.79301
2.67073
0.414506
2.16928
1.13998
-1.66108
1.21591
0.472617
-0.611613
1.07537
0.246825
-0.782959
0.910968
3.06518
0.693363
-2.14381
-0.0774015
0.215114
-1.92429
-1.57644
0.947846
1.50286
0.0767946
-0.481079
0.643992
0.922436
0.725088
0.513314
-2.295
1.40294
-0.548402
0.817394
2.26873
-1.61059
3.4593
4.16594
-0.202727
0.731597
1.48692
1.28049
0.979741
-3.35554
0.199788
0.808777
2.01276
2.15042
0.837899
-2.94929
-0.182722
1.4297
0.346689
1.85241
-0.644952
-0.735443
-0.206885
0.147211
-1.47017
-0.299793
0.549471
-0.156553
2.28911
2.06818
1.45768
1.27212
0.223686
-0.257307
1.52081
-0.98764
4.18458
-2.57657
-2.01787
-1.84814
0.0140115
-2.91362
-2.40218
-0.162789
2.16804
0.494061
-0.46643
0.0522963
1.49757
1.61386
0.749645
-1.54247
0.0647899
0.147463
0.424473
2.30453
1.80997
0.378366
1.09855
-0.937296
-1.87876
2.18117
1.7796
0.132152
1.41146
-0.518627
0.11763
-0.225502
-1.33165
-0.0631224
0.218349
1.052
-0.0548269
-1.00294
0.624073
0.237313
1.63335
0.324502
1.30699
0.0846143
0.920549
-0.742009
2.21787
-0.803726
1.87366
0.216248
1.08167
-0.431546
2.01213
-0.619914
-0.521425
0.688779
1.6455
2.07217
-0.829859
0.11473
-1.09036
0.377789
-1.64276
1.43031
-1.40927
1.11038
-0.684281
-2.35178
-0.18722
-1.81923
0.136013
-0.00729648
1.40038
0.143913
1.72027
-0.354307
-0.0955394
-0.551736
-1.84243
1.02038
0.729678
1.56029
0.124837
0.0663013
-0.667096
0.0866328
-2.45082
1.29633
4.02922
-0.178833
-0.917841
2.01906
-0.928172
0.796037
-0.259329
-0.548768
-1.20763
1.17987
2.15162
1.23742
1.48872
-0.388282
-1.91736
2.00548
0.927963
3.24902
2.45172
1.3158
0.479788
2.30135
1.59153
-0.0800426
3.38738
2.08824
1.56426
0.393655
-0.542554
1.34231
-0.442254
-1.73186
0.706492
1.71637
0.539568
1.56197
-0.150672
1.90667
2.3493
-2.63554
0.714908
-1.54583
1.54766
0.0342902
0.326934
-1.92931
1.78404
-0.0198246
1.04634
0.644561
1.31545
1.94526
-1.44025
-0.176269
1.3465
0.399342
0.781139
-0.0174823
-0.567564
1.99104
1.07894
0.495448
0.452316
-0.144918
-0.650411
1.25864
0.0995878
3.6764
1.01772
-1.1092
-1.05714
0.838757
1.14586
-2.69858
0.340179
0.376306
-1.63592
3.85479
-1.42747
2.15994
2.00484
1.1197
-0.42433
-0.91703
0.464375
1.76329
1.32405
2.48712
1.56483
-1.34675
-1.2741
-0.17593
1.71979
-0.418953
1.17873
0.594761
-3.35332
0.778678
-0.870744
1.42404
1.23286
-0.814291
-2.21876
0.769492
1.62112
0.789479
-0.875018
0.380325
-0.350511
-0.26345
1.85849
2.4168
1.4407
3.04702
2.39347
-0.42028
1.45462
1.47571
0.543376
0.767778
1.04983
0.629312
-0.516582
2.1285
3.14081
-0.501924
0.469105
1.86957
0.58672
2.23965
-3.12099
1.11203
1.68415
2.73757
-0.277223
-1.07399
4.54155
-1.04644
1.19883
3.27825
-1.61045
-1.72864
-0.570923
-2.81164
1.74285
-2.14261
-0.588
0.816358
1.75224
0.116283
0.917039
3.06
0.162549
-2.25392
0.250744
-2.42876
-1.33764
1.40448
0.6855
-0.262458
-1.13996
2.4059
-2.39198
1.12402
0.388325
2.58505
-0.432506
0.111723
0.412125
0.187732
-0.151091
0.23873
1.88039
-0.919687
1.76259
-0.519431
0.049987
-0.792723
-0.141562
0.57509
0.802568
0.266879
2.15483
0.724567
3.04242
-1.98719
-0.383835
0.957374
0.328032
3.20495
2.09666
1.87571
-0.0962161
2.09983
0.673751
-0.503735
-0.876383
-0.713209
-0.771678
-0.159623
0.843168
-1.42902
0.676739
2.69546
2.92039
-0.327236
-1.28779
-1.57644
1.7164
-1.04779
1.03797
0.973616
-1.24766
0.842526
0.379767
3.83926
-0.664231
-0.267194
-1.50604
-0.398476
0.638848
0.948988
1.09507
0.199488
2.64518
1.83055
0.793404
0.503306
-0.223498
1.6224
1.80005
0.533139
-1.38781
2.39321
0.733061
0.680004
1.25069
-0.552214
-0.410081
-1.06062
-2.83256
1.98163
-0.380938
2.95379
1.3527
0.433509
2.82132
-0.194167
-2.03177
1.96048
-0.812585
1.84373
-0.715189
1.83335
-2.07231
1.32526
-0.860385
0.370358
2.37827
0.444973
1.07094
0.905747
0.663213
-1.18092
0.211741
1.74098
-0.912816
0.354312
0.608309
2.42139
2.37238
1.48228
-0.0928197
-0.556285
1.44913
0.0265356
2.04566
-1.16705
-0.528159
1.73154
0.531423
0.00946699
-0.08259
1.40445
-1.13483
3.2391
1.55096
0.73912
-0.757834
4.04114
-0.255998
0.163896
-0.179856
2.46811
-0.400919
0.43466
-1.93922
-1.4257
-1.57449
1.26069
1.14767
-1.9978
-1.34177
-1.33592
1.82656
-0.0026976
0.442272
1.38759
-1.2127
-1.35469
-0.0613769
1.49409
-1.22443
0.20404
-1.55753
-1.29101
-0.811952
-2.09972
-0.410848
1.0413
1.01758
-0.538157
2.25454
0.235759
-0.202888
0.047674
1.11284
-1.82401
2.08006
-0.39233
2.99917
-0.648602
1.51816
2.37861
-0.165899
-0.310633
1.55101
1.75021
1.10219
0.591948
-0.804234
-1.66369
0.255507
0.724905
-2.45219
-0.35539
-1.93847
-1.75777
-0.719953
-0.166617
2.96708
0.130294
1.55521
0.414352
-0.272123
1.38388
0.501776
-1.81127
1.79545
-0.145589
-0.942981
1.26469
3.9908
1.89395
1.71767
-1.66118
1.09445
2.16139
-0.401939
0.671485
1.5823
1.01381
1.40317
0.0804225
-0.422134
-1.7963
1.95934
1.10292
0.15538
2.56175
-0.166755
1.53764
-0.418256
0.296445
-0.108975
1.03042
2.85764
1.28619
-0.718319
1.23723
0.303447
-1.09342
-0.763522
3.3207
0.849161
-0.574114
0.745825
0.330769
0.742007
0.713295
-0.712408
1.71605
1.55821
-2.43495
0.922793
-0.860535
1.72715
-0.642213
-0.42768
0.572825
1.59345
3.12765
0.16808
2.10967
1.45661
1.87633
-1.58442
0.642337
0.807684
0.55073
1.40473
-0.177652
1.18227
-0.348731
0.283226
0.904717
1.67845
1.22225
2.57889
1.10057
1.39407
2.99787
0.470625
0.0688027
1.29549
2.15031
1.23338
3.21855
1.63335
0.936853
1.27823
2.19788
-1.3109
-0.863277
0.460193
-1.62018
-0.144177
-1.08158
0.14107
-1.70564
-0.842378
2.77595
-2.08122
-2.00139
3.485
-3.45452
-0.0101311
0.975656
0.827208
-0.256169
0.325929
-0.426397
1.23404
0.903465
-0.236341
3.07852
0.0684878
2.40154
0.360948
0.96412
0.127888
1.09287
1.36068
1.44723
2.75122
0.38081
1.19913
-0.935556
-1.81401
0.344075
0.900384
-1.19852
4.16005
4.56821
-0.2815
4.6519
2.47101
2.72155
1.9909
2.56364
-0.44956
1.52641
2.23294
2.28036
1.71963
0.708306
0.987923
-0.175896
0.939615
0.10374
0.821238
1.49441
1.81722
0.0219193
2.66472
-1.71285
2.93668
1.83084
0.503589
0.807657
1.26682
0.87112
-2.70029
-0.0581745
2.42336
0.502095
-1.35382
0.818132
1.86647
0.349901
-1.27929
0.856562
0.125576
-1.22831
1.17693
1.58205
-0.302965
-1.46609
1.85946
2.15381
1.92828
0.246156
-1.96348
1.83038
2.22989
1.15074
-0.369511
1.05189
2.32777
0.942283
1.59347
1.74247
-1.03468
-3.3332
1.14297
3.73224
2.26778
-0.711444
1.7257
-0.583385
1.77145
0.852263
2.42114
2.20138
-0.5985
2.26971
-0.148295
-1.1549
-0.556946
-1.40232
1.07313
-1.01605
1.57992
1.72269
0.746326
-0.0286849
1.61906
-0.686481
-1.41438
5.81319
0.204501
2.73686
-0.326018
1.16537
-1.31444
0.800418
-0.0966138
1.36636
-0.453591
0.262351
0.475087
1.09323
0.454823
1.76173
1.74803
-1.24662
1.4345
0.310486
0.216721
0.474343
0.945847
-0.83587
3.69976
-1.58662
0.0656166
-0.922803
-0.458905
1.2063
1.60743
1.45864
1.22407
-1.53717
1.33053
0.701223
2.23269
-1.05159
0.733742
-0.573796
-0.702457
-2.12291
1.34927
0.674344
-0.64666
1.27993
1.23369
0.78483
-1.24017
1.18655
4.03654
-1.24335
1.51778
2.85606
-1.66204
-0.00488947
-1.22896
0.258891
-1.37089
1.00751
2.91546
-1.99442
-0.236395
1.12838
-1.86296
1.98257
0.335087
2.26781
1.63249
0.651931
-0.118643
0.717124
0.337888
-2.71185
-1.14058
0.538641
1.83942
-0.682561
-1.20729
0.156812
0.715906
1.77678
0.0665596
2.56768
4.15626
0.157289
0.984938
-1.48326
-0.501505
0.43883
2.19711
-0.220786
0.27744
-0.334242
1.71172
-2.39516
0.288717
-0.708361
-0.199444
2.51251
-0.598361
-1.86582
-3.56745
3.65137
-1.78386
2.19362
-1.33117
-2.11743
0.324323
2.47975
-1.0708
1.18755
1.20514
-1.39207
1.25789
0.885994
1.46598
1.77362
3.04432
-0.578943
0.587032
1.01954
0.443381
-2.00064
-0.350935
0.0406181
-1.59237
1.2821
0.274886
-1.55292
-1.8119
0.891432
1.36186
-2.92075
-1.58533
0.952009
-0.543699
-1.75773
0.206216
0.517025
-0.691777
2.48559
-1.65581
2.76122
2.29629
-0.761127
-1.99848
0.312537
-1.04622
1.77051
1.79335
0.915397
0.230539
-2.90361
3.24945
3.77844
-0.471591
1.48458
-1.78739
-0.397056
-0.5035
-1.0814
1.17058
0.943706
1.59506
-0.747912
2.21899
-0.717962
-0.939052
0.436408
-0.831949
-2.50066
-1.89286
1.71484
0.902948
1.23555
-1.92265
1.8089
-1.36137
1.36207
0.307167
1.29077
-0.132818
-1.64668
1.84167
-0.363128
0.0030105
2.70873
-2.63213
2.68631
3.67619
0.182676
3.54947
0.326132
-2.15484
-1.07365
-2.09818
2.93392
1.14626
0.665725
-2.32017
2.14109
-1.34113
-2.21971
0.458016
-1.81468
1.58117
0.05858
0.618432
0.409825
1.20483
4.12097
0.322089
0.172155
-0.288153
2.19838
1.88641
-1.32421
1.76472
1.19418
-0.0253594
1.51784
-1.47894
1.25284
0.180259
0.962171
0.785406
0.498646
0.1449
0.56284
-0.381798
1.74946
-2.24584
0.260858
1.72542
-1.64213
0.428861
-0.176607
-0.287259
-0.557534
1.23017
1.92129
1.66063
-0.550341
0.124599
1.99863
0.488632
1.66056
3.16235
2.75558
1.3568
0.763156
-0.588147
-0.319136
0.857112
-0.980348
2.51137
0.511749
1.89745
1.16982
3.3243
3.36748
-0.795307
0.268231
2.29582
1.63189
0.728879
-0.439514
3.81751
-1.26306
-1.73339
-0.0917509
-1.37746
0.543428
1.27102
-1.64871
-1.03626
-0.355623
-1.21169
0.553973
0.605839
2.40596
1.76907
0.57973
-2.90003
2.39641
-0.211143
-0.274447
0.982906
0.0142338
0.432392
-1.42015
1.36994
0.564155
0.954428
0.299024
-0.319228
1.77767
-0.201235
-0.135926
-1.15759
2.22569
-0.300705
1.92346
-0.83603
0.887355
-1.04078
2.6973
1.28111
1.19825
0.468465
2.29609
-1.02894
0.998625
-0.323903
1.10935
0.968005
2.14883
-0.646884
2.09172
-0.872521
-1.24643
-0.579408
0.779601
-2.10753
-0.186047
-1.29899
-1.50966
-1.60051
1.54333
-0.838698
0.484612
-1.28495
-1.03289
2.95716
2.01439
1.63558
-0.752167
1.63573
-1.00606
0.791338
-0.988778
0.167027
-0.609119
1.18362
1.01371
0.120784
-0.882532
1.81442
0.482804
2.39183
0.01478
1.10702
-0.0758842
-2.27712
0.834565
-1.45589
1.65591
-0.632095
0.121281
2.3035
2.40511
-1.80442
3.26644
0.968318
0.120944
0.65766
0.351945
0.359513
-0.91394
-1.07477
2.52396
-0.615189
-0.328017
0.305157
4.73497
1.39136
0.733586
0.256479
0.326849
2.12583
0.246404
1.32438
0.898347
0.243209
0.428779
0.398414
0.145556
-0.252543
0.120725
0.775142
1.06109
1.49638
0.654226
-0.221042
-0.368672
-0.614092
0.302659
-1.54175
-0.663948
-1.18651
-0.527916
-0.17903
0.433537
2.07557
3.14463
-1.17294
0.474458
4.4426
-0.878569
0.105745
-0.973906
-0.0830964
0.0586815
-1.18128
-2.06057
-0.44978
-1.29383
0.255401
1.76026
-0.159396
-0.739225
1.97152
0.47903
1.04916
-0.642795
2.24639
-1.92562
0.00525423
-0.450592
-0.113455
-1.94107
2.22715
1.02506
2.8148
-1.34519
1.42156
-1.25007
-1.9538
1.1411
2.73791
0.857062
1.51153
1.44931
-0.661319
0.480039
2.19481
1.01807
2.5914
0.249153
2.69204
0.973777
-2.77579
1.9036
1.99761
-0.714584
0.51519
1.55644
-1.62061
2.50359
-1.6066
-2.56899
2.08066
0.328367
0.746664
2.22175
0.116353
-0.156578
-2.65302
1.49813
-0.0300639
1.26539
2.52578
-1.5309
-1.67451
1.19427
0.320454
1.12893
0.703029
0.0877553
2.9852
0.485635
0.603449
2.02724
0.854825
3.89787
1.45759
1.22389
-1.56505
-0.613064
-0.0236434
0.928483
-2.39388
1.59193
-0.794688
-2.72649
-1.00177
0.799367
1.74436
2.30788
-1.45464
3.80622
0.609808
2.38852
-0.974539
-0.395487
-0.336864
0.470147
0.203236
-0.0211308
-0.364143
0.932169
-0.0295759
-0.137539
3.19672
-1.07811
1.19439
0.206764
0.340566
1.1309
0.785881
5.14222
2.98434
-2.13454
-1.58901
0.905894
-1.35725
1.92868
0.306488
-0.0658542
-0.507295
-0.931038
0.0713243
2.06719
-1.07395
-0.821895
0.449027
1.57932
2.20983
-0.649955
2.18827
2.85876
1.26954
1.61627
0.603469
-2.08647
0.647473
0.0460436
2.30594
0.384818
1.33602
-0.194482
0.534792
2.29532
-0.174338
0.311886
0.76655
-0.0353003
0.642846
-0.280823
-0.640588
-0.99578
1.13464
0.198231
0.183967
-0.703957
-0.699381
-1.26661
-1.32295
-0.545913
2.18498
-3.29977
0.42308
2.25702
0.501641
0.625861
-1.5463
1.12539
2.3325
-2.04728
-0.312896
-1.02691
-0.634215
0.450066
0.452671
2.78175
-1.41008
0.357793
-1.55786
2.87805
-0.772223
0.99439
0.0636596
-0.0928323
-0.266931
2.45686
1.4769
-1.13862
1.45037
1.88683
-1.20019
1.31062
0.0190188
1.56175
0.535399
-1.13278
1.5879
-0.023091
2.70318
0.00117027
3.46969
1.6909
-1.05253
-2.41756
-1.32095
1.29768
-0.892852
-0.681151
0.265812
1.28332
-0.437103
2.1036
0.814356
1.72918
-1.68707
0.984182
3.43287
0.210373
3.16884
0.847261
2.43385
0.52191
3.52415
3.13733
0.818912
-2.26132
1.66298
0.634806
0.0259971
2.26883
0.883296
1.71935
3.50394
-2.19605
0.344223
-0.794897
1.41671
-0.00891054
-0.0891682
-1.0947
3.34229
1.19196
0.72983
0.41112
0.757541
0.702201
3.89097
-0.282781
0.863066
-0.498636
-0.149272
-1.27313
-0.528464
0.616595
0.0652614
0.746788
0.54731
0.0872017
-1.52887
0.391007
1.39986
3.13252
-0.241609
1.62471
2.25385
-0.969054
-1.09617
-0.22749
-1.64047
0.769479
-0.149332
-0.97386
1.84686
-0.230349
1.95656
2.78126
-0.126275
1.52958
0.113499
-2.11675
1.84461
-1.4083
-2.35371
-0.529676
-0.209197
0.879243
2.06248
1.58161
-1.06201
1.52446
2.5951
0.853993
1.17741
-0.168501
4.07876
-2.48455
2.60599
1.50641
0.202147
1.11731
1.73949
0.344028
1.28329
2.37745
-1.11766
-2.46191
2.69772
-1.63052
1.63895
0.549716
1.27213
1.12608
-1.20904
-0.361609
0.589987
0.772557
0.0616537
0.907209
-0.483954
-1.37299
0.00909128
-0.82339
-0.856222
0.835022
0.585956
-1.62504
2.96346
0.476792
2.15004
-0.0694677
-1.19026
1.42029
2.27372
-0.352211
1.85613
-0.250397
-2.46939
-0.637376
0.573877
0.843448
2.70016
0.889702
2.33762
2.67412
-1.1104
1.13243
-0.0939987
-0.23919
-0.521236
0.97135
0.529377
-1.40426
0.320929
2.68375
0.292627
0.00209907
-0.275765
1.7299
2.91049
-1.21868
1.74765
1.21816
-1.64428
2.87392
-1.24631
1.4116
-1.66145
2.49811
-1.55495
0.165558
1.46115
-2.06836
3.41897
1.28428
-1.19488
0.584915
-0.787084
1.38085
-1.63977
-0.569506
-1.1842
1.47736
-1.07945
0.573227
0.856279
0.452262
2.22737
0.752406
0.685567
1.68158
-2.93386
0.521741
-1.75244
1.43624
3.11713
-0.164493
-0.260061
-0.307467
2.14998
0.544894
1.58202
2.07677
-0.158564
0.68307
1.18547
1.08295
1.30603
-0.881056
1.48139
1.5926
2.57969
0.788399
-3.00716
1.75234
-0.101687
-1.87599
0.534296
1.16435
0.708416
1.06633
2.34248
1.17153
-2.37608
0.122592
-1.92421
1.32965
-0.744203
4.46618
1.60301
-0.000906769
-0.0378108
0.118341
3.14799
1.56652
-0.277392
2.36107
1.35834
-2.15635
-1.51002
-0.0589597
-0.676416
-0.616219
1.38471
1.69283
-0.937715
2.666
-0.433357
-2.39218
1.38841
-1.28012
-0.967108
-0.0770538
-0.290806
-0.103969
4.20599
0.523981
2.04297
4.34945
0.316334
0.997989
1.80686
-1.23101
-0.472218
-0.950513
-0.177052
1.71228
-3.28657
0.0564739
0.755512
1.13813
1.74296
0.646235
1.63568
-0.10214
0.798366
1.51645
0.901217
1.92589
1.593
0.346056
3.43072
-0.00132601
0.527335
-1.23814
-0.558442
0.52992
0.0379243
0.435472
0.293121
1.32411
1.60436
4.56531
0.741462
-0.551002
1.0056
1.70121
0.955288
-1.66927
3.33992
0.431323
1.0653
1.33192
-0.36274
-0.657337
-1.90461
3.77197
2.01095
-0.275674
0.118748
3.20885
-1.57217
1.90487
2.67878
0.593959
1.03346
0.341977
2.18872
2.92998
3.24062
0.922266
1.2347
-0.643097
0.746683
2.16439
-0.70054
-1.19216
1.16048
0.0015486
-0.344867
0.0342084
-0.0720007
0.394725
1.03933
-0.445378
-1.2515
0.579169
-0.144186
-0.108765
-0.930023
4.50696
3.43512
0.287077
-0.831687
2.05735
-1.65005
2.70876
0.452073
3.07016
-3.8566
-0.207559
-1.69421
0.388125
2.23704
1.75426
0.781728
2.90491
0.00302019
0.085512
0.0204603
0.977639
1.73981
1.25741
0.928287
-0.423435
1.94843
-0.229595
-1.50513
-0.698675
-1.44607
-0.80138
0.621556
-0.17627
3.18086
1.59161
-0.795244
2.77589
1.39515
2.55091
-0.978872
-1.20867
-2.12275
1.07673
1.66689
-1.06081
0.198037
2.81434
0.721945
2.68399
1.36753
0.716502
0.97734
-1.86096
-0.4578
1.80284
0.165132
-0.0640432
2.19633
0.304136
2.55341
-1.50301
3.05634
0.172091
-2.44949
2.09798
-0.743092
2.35758
-1.23896
2.04272
0.219574
1.87754
1.99861
0.409497
-2.07185
0.360313
1.8243
0.90819
1.91759
-2.3811
2.1079
1.08525
-1.9175
-2.19944
1.9223
0.70346
1.3686
-0.120831
-1.47501
0.120407
0.399659
-2.51215
3.47043
-1.52433
0.889474
-0.519288
1.61544
0.549274
0.777452
1.5042
-0.352552
-1.96093
0.506979
2.94382
3.14961
-0.201012
-3.46572
2.4895
3.89566
3.8774
-0.0665727
1.79895
-0.0124885
-1.87702
1.4009
-2.9206
-0.11347
1.76985
-0.59777
2.40753
-0.891735
-0.960211
3.5995
2.18299
0.572988
-1.53647
2.77333
-0.495385
-0.903674
-1.83747
2.19701
1.40579
1.34748
-1.66055
0.0386394
1.29343
0.0460193
-1.18272
1.99226
0.48905
2.15659
1.40487
4.66957
0.802968
3.23011
2.2999
0.42913
0.19174
-1.66838
0.136602
-0.387537
-2.42444
0.287381
-0.410878
0.0319575
-2.55892
2.84117
1.03154
0.746797
0.452295
0.417714
1.68386
1.62628
1.06649
1.5411
0.335818
1.04987
0.388457
1.36416
-2.43828
1.29833
-0.126339
2.0484
0.825972
1.88169
-2.35229
0.0386801
-1.23081
0.91713
0.246515
2.267
-3.01075
0.346768
0.677038
0.599281
1.08058
-0.106231
0.913246
0.490861
2.30042
-1.04791
-1.16637
-0.340161
0.919432
4.48351
0.722136
1.82285
0.357028
1.78603
2.11293
3.72343
-0.647783
0.849122
0.295186
-2.59675
-1.92181
-1.63304
0.926386
1.51533
-0.899631
1.83455
1.06862
2.14104
-1.1005
-0.385957
1.52288
-2.47986
-0.373575
0.709496
1.4981
-0.414019
-0.40907
-0.849767
-3.77395
-1.87483
1.90494
-2.36931
1.00705
-0.280747
1.66939
2.40576
1.23911
-0.0127337
0.90443
-0.00948453
-0.235544
0.445969
0.669139
1.10983
0.867296
-2.12676
-0.901386
-1.47163
1.1332
-0.294492
-1.65334
-1.00839
0.628294
0.931712
2.33728
-1.25652
4.56483
-0.435321
1.00155
-1.57213
1.53415
-0.945678
0.408309
-0.850115
0.626996
-0.914997
1.10007
0.375749
-0.297394
0.661989
1.26789
-0.601283
0.127738
-0.709228
0.0589867
0.932118
-2.34048
1.72148
1.67478
1.12347
0.0781776
1.58235
1.48982
-0.225102
1.4174
1.44821
0.287804
0.104839
-0.97863
1.06722
2.56077
-1.29536
1.51693
-0.741932
-2.44599
-0.568727
2.85068
1.86542
-1.24263
-0.936029
-0.364147
-0.586634
-0.263225
0.430606
1.25072
-1.56447
-1.3891
4.27144
3.5315
-2.0569
-0.0765332
1.44018
-0.754448
-0.904585
0.457365
0.519925
1.18054
0.713833
0.703527
-1.2796
2.02146
1.51496
1.38723
-0.838087
-0.226454
-1.43913
4.11176
2.117
1.50525
0.928113
2.58935
-0.0783668
-0.909793
-2.05349
-3.58907
-1.2174
0.971309
-0.949203
-0.731822
0.0706516
2.23088
0.0154247
2.07636
2.19141
0.769846
0.260008
0.68754
0.473452
3.75399
-0.143363
1.02296
2.42272
-0.521802
1.10406
-0.22111
0.128286
2.56312
2.03589
-1.05196
0.819823
1.88976
2.02666
-0.356353
0.8339
-0.484416
-0.142493
4.55836
1.53809
-0.507714
0.821026
-0.0100606
2.60112
-0.0482207
1.09767
-1.33588
2.43758
-0.183734
0.457321
0.65817
-2.0293
0.387562
1.83473
-1.22463
1.48676
0.578816
1.09351
3.08198
0.358103
0.649234
1.50107
1.51285
-2.36941
-1.61969
2.47254
0.477313
0.953907
-1.04143
-0.153553
-0.331544
1.32662
-1.32777
-0.702627
2.74502
3.48409
-0.168451
0.454377
1.66985
-1.63674
2.44958
1.16319
1.70957
-0.525144
-0.36028
-1.47003
2.82535
-0.905743
-0.259898
-0.0609768
1.91498
1.09955
-0.859741
1.4909
-4.15084
1.56963
-3.1306
0.434404
0.12751
1.96935
-1.70969
-0.911872
0.25359
1.5877
-1.58046
2.22935
0.805337
4.40527
1.75861
2.77838
3.21266
0.587154
0.431334
-2.13832
0.366885
3.36571
0.710306
-1.29323
-0.730858
1.80074
0.230868
1.51791
1.64595
-1.6282
-1.6131
-0.305916
3.08474
2.40384
-0.411232
0.368495
1.46753
-0.450864
1.35548
0.5075
0.580626
0.313506
0.38421
-0.476203
-0.120289
2.35675
-0.298806
1.47926
0.461039
-1.5426
1.53439
0.965674
-0.310286
-1.61603
-1.15546
-0.689562
1.20346
0.760486
1.30317
3.21321
2.62187
1.50184
0.2531
1.24483
0.0914333
0.647404
1.32068
0.700648
2.60683
0.477681
1.55956
0.564602
2.18737
-1.98772
1.42266
-1.58805
-0.0200867
2.54239
-2.82814
-1.69514
2.70156
1.44057
0.397407
0.754577
-0.762195
3.25122
-2.59364
0.971976
-0.978174
-0.602607
-0.210515
-0.657616
-1.53205
3.65206
1.32405
-1.37279
1.68139
0.403142
-0.32028
0.395596
-1.43073
1.07298
1.02012
0.502822
1.05252
0.695771
1.69394
0.033865
0.131085
2.90061
-0.190281
-0.778132
-0.626214
-1.40517
1.83951
-1.37502
-0.414285
-1.87388
1.17334
0.791354
0.865225
0.908227
0.725486
1.33977
-0.204048
4.42857
0.57379
1.27375
1.96917
-0.485734
-2.13949
1.48779
0.721766
0.780772
-0.538911
0.908816
-0.107822
-3.42283
0.427415
2.96733
-0.260762
1.18281
1.22201
1.84455
3.21798
-1.65035
2.53213
0.0975122
-1.54581
0.948757
-0.131409
-0.0632329
2.27243
-1.50197
2.27773
-0.820915
2.82922
0.190567
0.869214
-0.804724
0.731102
-0.99847
0.543423
-0.00969629
2.23136
-1.25434
0.295237
1.79058
1.80653
-2.28369
1.97102
0.729838
-0.668091
0.215428
-1.59808
0.00702706
2.80697
-0.422598
4.46881
-1.16299
1.22865
1.31541
1.82564
0.954266
-0.925298
2.91365
-0.0909551
2.73589
3.60739
-0.188512
-1.08857
2.27736
2.87178
0.781269
-0.435968
0.198896
0.944908
-1.10916
-0.0961989
1.81388
0.51124
1.43737
-0.700359
-0.841307
0.586111
0.842182
2.68973
1.77017
-0.185216
-0.242486
1.27092
2.19459
-0.596964
1.6369
-0.0724802
-1.8776
0.985796
-0.331564
0.996398
1.81637
1.60904
1.0074
0.801805
-1.65965
-2.3397
0.781558
1.7553
1.14143
2.7186
-0.27374
0.724896
-1.27139
1.4168
1.18869
0.91406
-0.908092
0.737683
-0.32793
0.504828
-0.847075
1.87569
2.76002
-0.292106
1.77859
-2.40581
-1.15962
-0.924816
1.79283
0.164363
0.315201
-0.542034
-1.7106
0.864779
1.43467
2.08529
1.48463
0.877938
2.97931
0.221999
1.5037
1.42489
1.62906
0.856661
-1.0895
1.24302
-0.388657
2.46009
1.3942
0.305863
-1.72839
0.436006
-0.0946518
-1.19522
1.02359
-1.0792
-1.03182
-2.21691
-1.74699
0.803191
1.90946
0.579269
-3.18737
1.61525
-1.00168
-0.611342
1.252
1.68298
2.01924
1.37827
2.92013
-2.307
0.354991
-1.4925
2.21632
-0.672146
0.976119
-0.70508
1.25405
2.07781
2.49887
-2.97058
-1.52226
-0.528861
0.341685
1.43315
1.81793
1.65852
0.0482476
0.494781
0.89292
-1.21182
-0.357855
-0.749644
0.304566
1.05262
0.567852
0.807978
1.56914
0.953115
0.0599579
0.964471
1.56315
2.02719
1.49603
-0.538627
1.43058
-0.305163
-0.37235
-1.64874
3.29362
-1.53381
-1.62761
0.676603
1.01274
3.57256
1.56283
2.08329
-0.917513
0.185294
0.904719
1.60135
-1.38439
-0.759859
-0.922209
1.87938
0.0623014
2.30249
-0.618461
0.787639
-0.376701
-1.73572
-2.55637
-0.213642
-0.539325
1.76892
0.445275
-1.91726
2.81573
-0.578916
-0.857203
-0.279928
0.179567
-0.350713
-1.67593
-0.985352
-0.831496
-0.15534
0.774999
3.3633
-2.53026
1.3166
-1.92101
1.52539
0.177446
0.455687
1.74509
3.75745
1.94691
0.595976
-0.076768
0.189508
2.15061
3.55142
1.61171
-1.49229
2.48005
1.17897
3.56919
0.0466426
0.187693
2.77569
0.944121
0.526132
-1.67
0.658286
1.7553
0.845083
0.435849
0.11328
3.28206
0.337638
-1.36874
-1.68409
0.466791
1.05918
1.21206
0.872476
2.03054
-0.647608
1.2352
1.87191
-1.82038
2.65477
3.85543
-0.168078
0.612798
1.94048
-1.11223
-0.129235
5.32088
4.31943
0.908397
2.68435
0.866738
0.721671
-1.01672
-1.3584
0.859059
0.796496
-0.385517
-0.486189
-0.629389
0.609075
4.55102
0.654195
-2.37088
-0.960529
5.35928
2.97636
1.59858
1.4351
4.5337
0.391888
1.9499
-0.953543
-0.563983
0.611876
-2.99915
-2.0901
-0.96901
2.33369
0.722136
0.0149775
1.52456
0.267409
1.80716
-0.152451
2.22815
2.1934
3.49186
2.63784
0.193311
0.922356
1.63568
1.28698
1.09026
-0.339762
-0.348911
2.75159
-0.146224
-0.645563
0.885766
0.599213
1.45308
2.27563
-0.440298
0.343873
-0.306677
2.28539
-1.55806
4.3127
0.801336
1.96897
1.08481
0.648806
0.67815
1.72148
-1.41878
-0.719871
2.21842
0.636354
0.419619
-0.666581
1.33851
-0.992813
0.53413
-1.25978
-0.225861
1.39114
-0.250831
0.21614
-0.0212263
0.456089
-0.207657
2.88167
0.517291
-0.429891
-1.56885
1.38637
1.82968
1.57771
0.104151
-1.20314
0.322556
-1.02944
1.17559
-0.106178
3.13007
-0.424919
0.774724
0.0734155
2.32388
-1.03174
-1.93373
-2.75617
2.62874
0.760213
2.27163
1.03284
-0.657405
-0.523602
-0.221376
-0.764278
-1.62848
-0.173457
-0.956301
2.75074
3.10719
2.15819
0.388149
0.725328
-0.971763
0.507202
0.430401
0.675024
-0.451069
-2.42228
-1.73348
-1.13681
-0.0644234
2.13996
1.4756
-2.01281
0.802622
2.5441
-1.3984
0.48754
2.47583
0.00543797
0.121156
1.81219
0.978356
0.888622
0.976835
-2.14404
-0.0274032
1.53982
1.27121
-0.0157171
0.141348
-1.64591
1.41293
0.18222
-0.10492
-0.908908
1.23646
0.887153
1.67665
-0.300726
-2.42418
1.68642
-1.40711
-0.4069
-1.08751
0.299069
0.213465
-0.61175
-0.619355
0.50018
1.61239
1.0066
-1.71441
1.09171
-3.80262
0.995872
0.775046
-1.50705
2.69551
0.899811
-1.38611
-0.788748
0.698736
-0.963449
4.36097
1.28625
0.967866
2.21879
-0.51175
1.74775
0.841785
0.736523
-3.79038
0.418373
-1.00325
1.24218
1.65882
-0.589534
1.66835
1.78164
0.557046
1.45844
-1.47143
0.619379
1.97032
-0.685567
-0.898854
3.8972
-0.945459
3.66847
-1.20158
1.03834
2.57629
0.777995
-3.10671
2.14622
2.78334
-1.09528
0.476335
-0.514915
1.84707
1.62158
1.2219
1.8916
1.39144
-0.231943
-1.01423
0.969474
2.75361
2.908
0.144948
-0.504734
1.73092
1.44112
-0.352884
0.209835
0.947393
1.445
1.50858
1.17624
-0.776858
-0.143387
1.643
-0.444679
4.55178
1.64079
2.96118
-3.30595
0.492558
-1.26838
-1.95602
0.88586
3.67459
0.832238
1.31517
2.98913
-1.26223
0.296552
-1.8279
0.726671
-0.434742
0.785296
-0.792238
0.243658
1.06901
-2.92097
-0.275662
1.42539
-1.90857
2.59282
-1.15436
-0.521875
1.95577
0.426122
1.11577
-1.25357
0.715828
-0.272919
1.88072
-0.231503
1.49962
-2.65851
0.639948
0.406685
0.947061
-0.501059
0.128711
-0.536869
0.221177
0.903652
-0.785648
0.631947
0.859987
-0.380098
-1.28238
3.39195
0.564005
2.02942
4.26395
-1.72489
-0.518462
1.50696
-2.19262
2.8687
1.42508
0.222623
0.332567
-1.11684
0.203592
-1.36553
-2.55679
-2.99981
2.84208
0.579499
0.728765
0.966055
-0.822163
2.86895
0.382236
0.81672
1.45235
-0.854527
-0.0662791
0.948638
-0.0147356
-0.335906
1.49998
0.245967
-1.13535
2.34652
3.57354
-1.47271
-0.0866067
1.80715
0.811554
2.71081
5.00802
0.956493
-0.555011
-1.19979
-2.60303
1.5967
1.36299
3.02743
-1.61259
0.865783
0.226961
-2.42069
0.329624
-1.12056
-1.54241
0.311039
0.604556
0.282152
-2.14046
0.45355
1.00022
1.45515
-0.756011
-1.86402
-0.28824
2.0559
-0.399979
-0.458248
1.28738
0.951636
-1.22019
-0.574407
2.71022
-0.0594142
-1.37562
1.95572
1.18219
1.52168
0.168015
0.598779
1.92253
-1.73347
-0.734624
-0.229323
1.08421
1.22873
0.00388931
-2.64982
2.57944
-0.059962
1.23537
-3.17581
-0.453073
3.55985
0.91001
0.190892
1.50653
-1.46299
-0.223512
2.1537
1.9655
1.31237
-0.100251
-1.50322
-0.832072
1.75668
0.0594682
-0.433414
0.869019
0.454037
1.46631
0.768474
-0.383461
2.10227
0.806377
1.5846
0.946891
2.21609
-0.327692
-0.328975
0.923185
1.23902
-0.873704
0.940046
-0.607526
-1.06528
2.51697
1.39275
-3.06049
-1.97541
-0.250056
0.612143
-0.864162
0.861665
0.321405
2.52269
-0.966001
-1.00292
0.526815
1.53443
-1.53466
0.224973
-1.92845
-0.427701
-2.1585
-0.42441
0.565611
0.867109
-0.352513
-1.51994
-0.540214
0.725372
0.0581298
-0.286232
0.501837
0.129966
0.973082
2.28573
0.875301
0.447041
-3.12927
0.953259
1.87824
-0.459669
-0.540304
-0.693237
0.767358
0.316884
2.92636
-1.89432
-1.01696
-0.516143
-2.31605
2.83608
0.155278
-1.4379
1.04909
0.131942
-0.7847
1.48718
3.11757
1.12855
-1.00543
-0.751204
-0.676146
0.619228
2.19044
-0.506583
-0.65019
-0.651845
1.26978
0.126459
-3.13282
1.40083
-0.0728597
2.05612
-0.953511
2.30959
-1.3616
1.54498
-2.00937
-1.72496
-0.389566
-1.58558
-2.8172
-2.10896
1.89649
0.12819
0.644289
-1.17388
0.221502
1.16118
0.159959
-1.90183
-0.229253
-0.946586
0.610899
0.586643
0.255452
1.58442
3.00122
3.07758
0.100911
3.87976
-1.71217
-1.26826
-1.69373
0.31181
1.29508
-0.295512
1.48909
-1.73529
3.1044
0.554176
1.67778
0.704895
0.125626
1.36555
-1.71414
1.85288
0.839678
3.07966
1.6891
-0.146067
-4.61525
-0.717853
0.673064
2.94349
1.59469
-0.542521
0.10326
-1.00415
1.74295
2.38152
1.56899
-0.0167125
0.27431
1.08113
0.569564
-0.0122578
0.102939
-1.276
2.14173
-1.47659
-0.584434
-0.214492
0.178007
-0.8371
1.34128
-0.446079
-0.706733
1.28483
-0.488201
-0.263428
-0.644175
-0.174265
-0.566581
-1.06669
0.576965
-0.692675
-1.53298
1.20153
0.0679664
-0.615401
-0.807769
-0.140631
-0.283545
-2.31601
1.74718
-0.116731
-1.04934
-1.78373
1.29637
-0.739682
-1.45115
-3.59331
1.11422
0.145319
-0.976912
0.93902
-0.92303
2.59982
-0.0646235
2.53274
1.407
0.946416
0.45982
2.91593
0.994147
0.00593768
0.0370424
0.271156
-0.533491
-1.11967
1.45403
1.31524
1.30568
-0.554929
-0.0521445
-0.251022
-0.699541
0.243807
0.275458
3.42616
-0.491677
0.862044
1.47997
0.168168
-0.0194219
-2.06909
0.38055
-0.0107508
3.26663
-0.551563
0.806589
-0.417672
-2.0723
-1.31311
0.563529
-2.53116
0.441142
-2.59241
-2.04487
0.756841
1.52944
3.41414
-2.32655
1.26971
0.794781
2.29905
0.783275
0.687776
0.334865
1.53558
0.961136
-1.13248
1.65108
-0.750346
0.403937
1.17887
0.75975
1.94144
0.751443
0.244218
-1.44613
-1.05398
2.43047
0.0708867
0.912493
1.63079
0.346818
0.550211
-0.800259
2.01815
-0.898109
-0.187589
1.45351
2.43177
-0.437797
-2.9521
0.677174
-0.307039
2.35229
1.72799
0.226347
-0.906381
-1.06623
1.13133
2.32615
-0.239836
2.23827
0.422488
-0.582225
-1.63263
1.46997
0.734087
0.970643
0.364052
1.99692
-0.373351
-1.5697
0.242776
-2.38117
0.173166
-4.35869
2.3693
0.737536
-0.68526
1.0147
-0.739453
3.35728
0.879219
-2.78887
1.01875
-0.736982
0.498082
1.9666
-1.14783
0.832978
0.468686
-0.899369
-2.31663
1.43457
2.30982
3.11495
0.150266
0.438065
-5.09618
0.128785
-3.21832
-1.08062
0.0312899
1.41481
-0.651528
-0.738735
3.59194
1.59757
-0.582762
0.338218
3.00196
-0.0616493
1.58509
1.06573
3.87218
2.29795
-0.0631273
0.333478
0.051503
0.3761
-0.458474
1.55295
2.14129
0.000492043
0.258315
0.736067
1.86715
-1.67463
2.57205
-1.8852
1.90607
-1.42017
-0.522128
0.730824
-1.81115
0.340625
3.53599
-1.63186
-0.200347
0.831047
0.0239401
0.16906
-1.30706
-0.979076
1.83066
1.39123
-0.247563
-1.16176
0.111535
1.00776
0.416406
-2.01956
1.11224
3.48393
2.3475
2.33003
1.72698
0.13472
-1.9885
1.97692
-0.787385
0.397095
2.41536
-1.39883
0.50123
2.74072
2.12273
-0.879245
0.448719
-0.35013
1.45787
-1.50617
0.998238
-2.79421
-1.13751
2.96586
0.536291
-1.43126
-1.08521
-0.970667
1.04747
1.49765
0.350696
0.835274
-0.314532
1.50524
-0.504653
-0.479279
-0.178128
0.527533
0.936333
0.839798
-2.0672
-0.583097
0.70067
2.49177
1.5515
2.58028
-3.12268
-1.76772
3.005
-0.179362
-0.0251685
0.786757
1.53708
1.28755
1.85523
1.0956
0.673848
0.877385
0.775229
1.10745
0.199064
-0.592616
0.310685
0.297423
1.83147
-0.164194
-0.0388099
1.26728
2.50846
0.349371
-0.247671
0.200352
-0.385202
-0.940903
-1.19991
-0.269478
-0.0272536
-0.3119
2.78152
-0.594871
-0.419857
1.30736
1.25541
0.571913
-1.52696
-1.10668
2.52211
-1.59924
-0.978514
1.54076
-0.775827
-0.244314
2.59654
-2.01974
0.318336
3.29449
0.175217
0.644384
-0.992606
-1.46996
1.09618
2.89295
-1.03187
0.0483278
0.207022
1.71812
-0.125269
0.962644
-0.60374
-1.00363
0.880644
-0.345063
0.361766
2.76872
1.90114
-0.426149
-1.07045
-0.0657118
-0.676694
-1.21703
-1.75241
0.599205
1.39968
2.6921
3.361
0.204247
1.51923
-0.0927161
0.251069
0.451066
-0.460536
1.30591
0.370803
-2.39148
1.26901
1.30682
0.234177
-0.973428
1.57485
-1.76517
-0.103801
3.16509
-1.01513
2.31377
-1.04947
2.65501
-0.2061
-1.16822
-0.618993
-1.12156
1.47647
0.763448
-1.22111
0.0859595
-0.723788
0.044226
0.67073
2.89291
1.13778
1.02001
1.90604
3.06959
2.36279
-1.43281
1.26315
-1.88246
-0.188358
0.0528221
1.11321
1.08886
-0.615142
1.34633
-1.13225
-0.351701
0.419395
0.90466
0.205577
0.908355
-0.11003
-1.52884
-2.69331
2.97985
2.15448
0.609843
1.75653
1.42574
-0.441644
-0.18645
-1.26572
-0.684843
1.84697
-0.767456
-0.536646
-1.76433
-0.6872
2.35413
0.824623
0.877496
2.81527
1.36984
2.20924
0.195229
2.22398
-1.13732
1.67439
0.412578
-0.629123
-0.698001
1.03048
-2.20002
-0.860532
0.566675
-2.03418
1.5681
1.95816
-1.42952
3.52234
-1.42667
2.10608
3.04786
2.42378
2.62768
0.609431
3.69861
1.46848
0.107431
0.683343
0.814738
-0.198185
1.33173
0.696355
1.99984
0.671121
0.263999
1.24837
-0.908656
0.557948
0.126115
-0.418065
-1.36847
0.218105
-0.54679
1.20642
0.85993
-3.62353
-1.79012
2.98579
0.858244
2.26237
-0.73443
2.22057
-0.975874
2.92868
1.13323
0.524699
-0.222333
-0.222655
-1.82835
-1.31201
-0.435592
-0.0325674
2.18387
-0.279182
0.585215
1.15031
1.02581
0.177545
0.571184
3.10307
2.24934
-2.17358
1.32558
2.0557
1.99696
1.72908
-0.798341
1.78382
1.59385
1.47726
2.60293
0.522426
0.281827
-1.3895
-1.29185
2.10424
-0.89347
-3.58558
1.41685
2.01445
2.23288
-1.62278
1.35639
-0.575826
-0.306963
0.912558
0.446241
0.610418
0.47322
-1.46872
-2.46149
-1.66534
0.229605
-0.24841
-0.577265
0.125979
0.960795
0.42534
0.510409
-0.616507
-0.294809
3.16282
0.226418
-0.299246
-0.314268
0.0459318
-4.42431
1.03171
-1.19738
1.03998
-4.95763
-1.28896
2.91358
0.0820407
1.47072
-0.797566
-1.12867
-0.560182
1.90749
0.802961
0.346079
-0.135214
2.44096
1.64895
-1.3894
2.36068
2.9716
-0.544647
1.31847
0.000126036
-1.48453
0.789069
2.7023
-0.113109
1.38034
-1.17763
3.38927
1.50337
0.405057
3.1915
0.835519
-2.50316
0.76916
1.07626
1.28438
-0.251578
-0.280574
2.12129
0.119913
1.64387
1.46135
3.97246
1.33724
3.84919
3.13018
0.0304039
2.50233
1.20522
-0.253866
0.646952
0.537675
-0.923761
-1.4554
1.7787
0.194557
0.832699
0.494886
0.920701
-1.00651
1.2212
-0.566744
-0.0044892
-1.10805
-0.488269
1.97198
1.01728
2.57661
0.439516
2.61969
1.14967
-0.0708463
-2.1983
0.53943
-0.720023
1.08196
0.849235
1.41923
2.98762
-0.983329
0.547728
-0.0363537
0.272988
0.40799
0.205801
-0.717647
0.0116269
1.47956
-0.00602584
-3.66589
-2.12247
-0.689946
-0.254332
-2.26692
0.544504
-1.37732
4.08449
1.01183
1.31744
2.35698
2.7343
1.55745
-0.274209
1.17804
0.65837
3.47508
1.10446
-0.861454
-3.05194
-0.733745
0.142234
-2.4665
-0.136974
1.16364
-1.20075
-0.827759
1.37051
2.09305
1.23064
3.07996
0.447558
-0.00767087
-2.3036
0.923756
-1.11876
2.51469
0.593789
2.22898
-2.08141
0.787677
-2.14202
0.0550234
-1.34246
2.90031
2.40175
-1.00354
2.05253
-0.233988
-0.309485
-0.433071
0.310013
0.269258
0.653345
2.62654
2.26912
2.27559
0.800212
0.904774
0.265081
0.177145
-2.45229
1.53608
-0.0745907
2.27734
1.86265
0.600112
2.72085
0.554172
0.561533
0.99919
1.45643
1.25469
-0.159443
0.375849
0.601741
-0.535749
1.71448
-0.966784
-2.30146
0.989744
0.0777088
0.75603
-0.00159727
-0.993689
1.02187
0.482716
-0.52435
-0.120014
0.807024
0.279971
2.99684
1.42119
1.51142
-0.330525
3.92192
0.839623
-1.32637
0.228648
0.267873
-1.01204
1.96404
-1.2592
2.2283
1.20339
0.234108
-0.857965
0.763785
0.941909
1.50054
-1.32676
0.950744
1.11318
-1.21448
0.437905
-0.061852
1.96505
0.812345
-0.994319
3.58668
0.242435
1.99138
0.489571
-2.03553
0.173441
-1.61998
-0.243245
1.79805
4.21987
2.10829
1.97662
1.40778
-0.0282813
-1.28949
-0.524006
2.23381
1.93911
2.20227
0.455823
0.63812
1.27214
1.19096
0.328927
0.621318
0.679048
0.103602
1.02873
0.530417
2.54796
2.00368
0.828441
0.852879
1.12874
0.212169
-0.287177
0.587964
1.32204
0.113756
0.697401
2.3131
-1.39816
3.4636
3.92383
1.47499
2.73272
-2.23448
-1.36052
-1.25142
-0.356129
0.545571
-3.07395
1.67155
-0.894191
0.294658
0.329556
-0.718805
-0.935179
0.369628
0.889031
1.46337
0.360596
1.28181
-0.454755
0.72358
0.428839
1.79019
1.45221
-0.771856
0.712216
1.905
-1.61981
0.604969
-0.622279
2.16688
0.460071
-1.30305
0.852922
0.466735
-0.727752
4.18297
-0.620766
-0.148651
1.36819
-1.59869
0.265933
-0.314309
0.220025
0.450164
-0.525215
0.132936
0.187709
0.292114
-0.829403
0.223584
2.10937
-0.270665
-1.63565
0.568461
1.45788
-0.462537
3.51509
-0.723447
1.84457
1.29375
-0.256108
0.790323
0.432133
-0.508699
-0.918569
-0.970779
0.52666
-0.689065
0.491245
-0.191468
-0.929167
-0.0974429
3.07782
0.639412
1.70164
-2.03377
2.58099
0.287325
0.242262
1.67494
-0.557926
0.438238
0.419084
-0.602894
1.00128
1.12747
1.96146
2.0964
0.289461
-0.84111
1.65687
-1.1839
1.4964
3.03337
-0.537823
0.573129
2.77253
3.18651
0.846963
0.141588
-1.16395
-1.14044
-3.31465
-0.313618
0.768974
-0.963601
2.45261
0.0195435
2.29187
4.8857
0.597548
1.26746
1.44833
-0.153591
-0.894784
0.805367
-1.08115
-2.21547
1.49932
0.219465
1.75095
-2.17049
-1.77074
0.687822
0.296411
-1.12605
1.16308
-1.18363
1.39549
0.592204
2.34175
0.920598
0.234139
2.52955
1.90998
2.36034
0.321415
1.15036
1.1191
0.428767
0.847351
1.02654
-0.159753
0.0673905
-1.06817
2.3921
1.27222
1.77237
-1.2525
1.97809
0.286082
0.358665
1.01927
0.569889
-0.761863
-1.86626
-0.161244
1.81687
0.916562
1.97566
1.41998
0.865544
1.64239
0.402963
-0.0864604
-0.594984
-1.49387
0.0619434
1.95674
1.75518
0.0253893
3.7579
0.670411
2.85542
-1.62272
0.901393
-0.468772
-1.23517
2.21272
1.22855
2.81568
-1.90278
-1.46675
1.69775
1.15319
0.69113
-0.842094
-0.629426
1.28931
1.70486
1.98049
0.617425
1.41247
0.900037
1.6052
0.512926
1.24686
0.36643
-0.701216
-1.96352
1.91691
0.273582
2.18008
0.477179
0.829735
0.974621
1.39306
2.55889
-0.955674
0.987847
0.964197
-0.132542
-1.72228
-0.941994
0.600645
4.40788
1.85208
2.13062
1.05544
-0.475409
-1.65678
-0.0278373
0.37117
0.281072
1.8434
1.49059
1.40443
-0.250746
0.184905
-1.03493
2.11487
0.140053
0.528714
-0.2209
2.09056
0.910455
-2.01285
2.62492
-0.783615
2.96706
0.435518
-0.215898
3.1694
-0.598412
-1.07447
-0.0976313
0.198979
-0.993668
0.686358
-3.69352
-0.151283
0.803737
-1.67173
2.72872
1.03438
-1.68696
1.88853
-1.15466
-2.38108
-1.16258
0.263203
0.242487
0.209477
-2.20118
-0.827294
2.47628
-0.313135
1.35569
0.511974
-0.056755
-0.356872
1.84894
3.02488
1.54178
1.35533
2.77336
1.07149
0.871216
-1.18332
0.887461
2.9864
0.161928
0.824487
-3.91437
0.933921
1.10003
-0.959956
2.32837
0.188881
0.948926
-1.68272
2.60875
-0.124222
1.09908
-1.08097
-1.41208
0.668601
-0.910914
1.61788
3.43534
1.72711
-1.15208
0.989355
-0.0353221
2.06274
0.187558
-0.880602
-2.48197
1.33697
1.16157
2.20441
4.84734
0.531564
1.398
2.7653
-0.869013
2.23756
0.888478
0.941872
-1.58911
-0.641257
2.4557
-0.784025
-0.175642
-3.70078
1.32193
3.32729
0.427548
-0.378318
0.843449
0.570184
-1.0516
0.55583
-0.151273
-0.371279
4.00365
-0.22327
-0.221199
3.18243
1.07197
1.37683
0.047394
0.18636
0.530636
1.15484
1.85885
1.47052
-0.6395
-1.86792
2.8368
2.89617
2.02519
-0.00800294
-0.684732
0.790269
-0.00270098
1.56489
3.00026
-2.30853
3.10822
0.823404
0.366189
0.966073
1.53599
2.13252
2.57396
-0.745668
0.502645
0.171626
-0.238186
-0.262239
-0.323638
0.521764
-1.27603
0.883746
-1.73022
-0.770592
-0.484204
3.05394
0.491875
2.62217
1.00762
0.216858
1.78956
1.49728
1.6209
-0.449104
-1.24875
-1.02177
2.91054
0.628257
-0.7133
1.38401
-0.673651
1.17694
-0.342531
0.633457
1.08502
3.95131
0.436986
-0.105245
2.51182
0.582653
-0.916767
1.0328
2.04688
2.53121
-0.835344
-1.13389
-1.23136
-0.535156
2.01425
2.92406
-0.853358
2.17904
-2.22256
-0.0789426
1.99308
-2.26287
0.286149
2.13359
1.81209
-0.886854
-0.6411
0.478841
-0.260479
-1.01898
-1.80775
1.90232
2.07614
-1.57238
4.35045
-1.29196
-2.13616
1.64264
-0.792928
-1.00395
0.580072
-0.343997
-0.408893
-0.146209
2.08027
0.329824
-4.07192
-0.249446
0.0374708
1.83724
0.439807
-1.15728
-0.344392
0.301517
2.09593
-2.71405
-2.7703
-0.0456334
1.63173
-0.53995
1.26862
-1.30977
-1.90809
-0.309047
0.189498
2.95328
1.76176
-3.00548
-1.22891
-2.44773
-1.66009
-1.8405
-2.33567
1.772
0.263466
2.88314
0.449553
-1.35526
0.125423
1.39774
-2.17387
0.756109
0.32032
-0.640425
-0.800937
1.37475
-0.709708
-0.906504
-0.123404
1.49993
0.441552
-1.8014
0.430305
-0.0400822
1.14632
-1.16624
2.77578
1.50816
-3.54644
-1.47018
-0.132384
0.144729
3.03574
2.28695
0.558241
-0.464712
0.757121
0.431235
-2.20355
-0.661491
-0.992092
-0.77118
0.640933
2.61221
1.2854
-0.796649
1.82309
-0.924015
-2.49155
0.669463
0.316189
-0.417174
1.36489
3.11568
2.63352
-1.20267
2.34392
1.22315
0.598252
0.712649
2.29406
0.214914
0.568442
1.54024
-0.274473
0.409322
0.52595
1.86642
0.952745
-0.0735844
1.3949
-0.205138
-0.00508734
-1.05232
0.847042
2.02702
1.61633
1.73166
1.14677
2.80262
-1.41102
2.31636
0.603866
-0.218979
0.273265
2.57379
-0.391055
-2.92519
-0.610857
-2.87108
-1.45893
2.11465
0.615746
1.05633
-0.219573
-0.407747
0.965512
0.7078
-0.492496
0.727799
-0.278499
0.214485
0.140604
0.988267
-0.960959
0.581015
3.17009
3.55909
0.964039
-1.23307
1.73034
-0.859305
0.00467392
2.65516
0.729498
2.00657
-1.45945
0.149552
-0.601239
1.33475
1.27523
2.53519
-2.53938
2.63971
2.24666
-0.38171
1.0722
1.27092
-0.489325
0.980718
1.72818
2.62842
0.143222
1.17389
1.4353
-0.582495
1.35639
2.02411
0.671187
0.240037
3.6631
-0.787897
1.1173
0.16816
-0.629569
-1.23442
0.100552
0.864951
-0.853679
2.09029
0.523722
1.35666
-0.365541
-2.31143
-0.646759
1.75711
2.46113
-1.68942
-0.702595
1.12676
0.422774
1.87137
2.74184
-0.372932
2.56162
1.56266
-0.625033
1.32987
0.226282
-1.11201
-0.861427
-0.483068
1.0878
0.528018
-0.192834
2.19298
-0.21064
1.78245
2.35124
1.55054
0.0842562
0.864451
0.194846
-0.650837
0.681302
-0.69641
-0.529767
-0.305536
3.2447
0.812835
-0.656251
1.59699
-0.351064
-1.8497
-1.48456
1.44225
-1.96701
0.336074
-0.0634512
-0.230274
2.43269
3.6572
1.87427
0.526119
-4.09467
-0.183263
0.557428
-1.32146
-0.941138
-1.27856
2.88762
-1.99337
0.186728
2.37062
1.64672
-1.69322
-1.08086
0.419679
-0.438668
1.16877
1.36656
0.0524018
-1.05655
0.634341
1.97988
0.995228
-0.69162
0.117502
0.859115
-0.702521
4.49765
0.927086
2.01089
0.702071
3.05425
1.7174
3.24538
2.45238
0.298095
1.60336
4.15849
-0.600804
-0.24603
0.304398
0.911361
0.685566
-0.24367
2.7312
0.13015
1.61224
0.415819
-1.1454
-1.46889
1.47852
-1.70048
1.13173
0.242149
-0.408274
0.52433
-0.389795
2.1786
-1.90621
1.2475
0.00467872
-0.366172
1.77986
-0.808786
2.36835
0.616546
-0.794446
1.36639
0.739909
2.39763
2.9345
0.892976
0.643769
0.349209
-0.310572
1.85768
-0.125944
3.17431
-1.01895
1.2613
1.65324
1.53388
0.367621
0.0258504
0.315664
4.18087
0.422742
-0.786213
0.852841
1.72718
0.527252
0.810601
2.95512
1.6152
2.52392
0.62956
2.70036
1.66072
-1.57874
3.14811
1.23449
0.831134
1.10122
0.706684
1.18523
1.50813
1.6117
0.783912
1.79791
1.21657
-0.553003
1.02433
0.627933
-0.68899
-2.75747
0.648214
3.4312
0.696264
0.302333
1.001
3.08834
1.49626
2.04349
-0.836041
-3.07689
-1.17998
0.79926
0.611949
0.590902
-0.788146
1.59858
1.85943
1.07404
0.874762
-0.102361
0.991783
-1.44006
3.15114
0.753998
0.517176
-0.248243
0.735483
3.59994
-0.202804
-1.13475
0.0954203
-1.66528
-1.41063
-1.33785
1.82499
-1.08898
0.0561174
-0.739541
-1.12636
0.225513
2.78659
2.58672
-0.617041
0.682288
-1.40231
2.35575
-1.57662
-1.10135
1.27101
-1.55341
-0.595006
1.43912
2.02681
0.776282
-1.57755
0.984277
-0.945788
-3.78147
0.178956
0.979577
-0.745662
0.913225
-0.738854
4.10844
-0.0736495
0.908371
-0.317757
-0.803352
-0.224723
0.994832
-0.447145
1.50366
-1.54898
-1.99785
-0.127534
-1.1326
-1.35724
-0.947776
-0.837474
0.929408
-2.0459
-1.30341
-1.26392
0.498105
3.63095
-0.169196
2.62634
4.05125
-0.634548
0.212431
0.792145
0.902879
2.58161
3.40344
-0.668994
2.58053
1.14276
-0.763949
2.62409
-1.12552
2.33404
-0.67846
-0.0842397
1.35106
-0.403408
0.0932208
1.29185
-0.761462
0.502656
1.0845
0.684803
1.37131
-0.145262
1.19692
0.0709611
2.05966
-2.53625
-0.706502
-0.775783
-1.89911
-1.1183
-0.287874
1.50242
-0.161552
-0.088251
5.00742
-1.03407
-2.60454
-0.69331
-1.09523
2.8538
2.57078
-1.65381
-1.328
0.959926
0.405169
-1.67446
-0.139824
1.62526
1.12217
-0.617424
2.93993
-2.89369
0.878839
0.683636
0.687742
-0.851052
2.73618
-1.83647
-0.666646
1.93062
0.647727
2.47204
-1.78748
3.94154
-0.765245
-0.216212
0.22563
0.194098
-1.10746
0.464713
2.22825
0.645035
2.65729
2.693
0.571213
1.24831
3.83546
1.0567
-0.237853
0.0476366
2.52742
1.17398
2.02884
-1.61899
0.99012
-0.123815
0.540336
-0.659286
-1.43779
0.450816
-1.07984
4.07992
0.320105
2.71778
1.98731
-0.358305
-0.531798
0.48031
-1.09021
-0.299059
1.68752
3.22124
1.21218
0.753468
-0.22987
1.26721
-0.0229826
-0.451957
0.114499
0.382973
0.428613
2.12374
0.88747
0.526221
-0.244672
2.79236
2.11701
0.331177
2.60436
-1.94784
0.118401
0.312809
-1.00889
0.301069
0.540756
-0.364784
1.87668
-0.618939
1.80856
2.21035
-1.31146
-1.3792
0.661847
0.652883
-1.03594
1.04359
0.350985
3.11844
-0.253075
-4.05403
1.566
2.54602
0.626126
-0.623069
3.21757
-1.49459
-1.48271
2.16511
-0.317513
0.303012
1.61827
1.4878
1.25212
0.0200312
-0.344985
2.38864
1.32814
1.28165
0.490097
3.46223
1.64505
-1.48739
2.7334
2.56901
1.24587
2.21684
1.83696
1.56643
-1.64173
2.67961
3.01931
0.858796
0.906218
1.08065
1.61599
0.880145
-2.54715
-2.06481
-0.0472937
0.263997
1.1079
0.90187
-0.890042
1.16705
-1.9649
0.486246
2.55787
-1.13213
-0.21514
1.04788
-0.0133434
-1.898
1.64958
-0.484499
3.2932
0.651998
-0.306821
2.61138
-0.124397
1.1225
-0.737574
-1.8272
-0.653597
4.17678
0.826834
-0.924584
2.07641
1.16822
-0.116691
1.37219
1.66245
0.387226
1.98989
-1.85709
-0.275374
1.17968
-0.848728
2.69017
3.35601
-0.587432
-3.14917
-0.7308
0.01294
1.86768
1.65287
3.06002
0.513489
-0.739116
1.43069
0.0228415
2.2147
3.20148
-0.366078
0.820066
-0.732066
-1.15353
0.663233
0.368819
-0.803875
2.50055
1.02494
-1.62102
4.12916
3.10219
-1.02727
0.480328
0.710408
0.133796
1.32142
-1.4309
0.728726
1.51307
1.00305
0.548398
1.68858
2.2795
-2.25057
1.88976
1.50563
-0.118515
1.09953
1.03749
1.32169
2.3671
2.68397
1.8479
0.59287
-2.38413
0.917633
0.217891
-0.457113
-0.111558
0.0204277
-2.64625
2.33628
-0.841466
-2.19401
-2.13223
2.54957
3.7515
1.01364
0.575966
-0.355808
1.64286
1.6259
1.5099
0.966586
1.24656
-1.26317
2.14804
2.13056
2.03973
-1.92955
0.84673
1.05875
4.12524
0.404456
1.25134
0.395426
-2.78679
-1.08079
-1.8461
-1.28342
2.81573
-0.473717
1.56119
-0.441802
1.67336
0.993268
0.461967
3.39919
1.17432
-1.12989
0.795637
-0.783313
-0.264247
2.95674
-0.0818649
-0.304651
2.12977
-1.20272
-0.443877
1.78932
1.0456
-0.978519
-0.148466
0.793517
0.959052
0.278883
2.53412
-0.473413
2.80749
-0.428387
-1.00335
0.982504
2.83268
5.08523
0.0924904
0.682747
3.33647
0.530692
2.09118
-0.0520373
0.115279
2.26233
1.05105
0.78609
-0.22694
-0.889422
-0.749647
4.09563
2.04066
0.722459
-0.462094
-2.04389
0.577398
-0.051651
0.469549
-3.35735
0.939296
3.40524
0.762223
0.395232
0.443083
-0.726533
-0.320193
1.9688
1.15468
1.01387
-0.665844
1.68465
-0.605825
1.34308
2.00064
1.32764
-1.65585
0.940104
-1.81921
-0.903902
2.20093
0.87597
0.497521
0.2976
1.90357
0.341527
0.667191
1.66915
1.30481
-1.07913
-0.470366
1.71971
1.09893
-0.24692
0.355398
0.176742
0.58141
2.84455
-0.167207
1.38578
2.15188
0.818559
0.0368171
0.18457
2.35244
1.92248
0.15781
1.06689
-0.409212
3.94301
-3.42427
0.401011
-0.678151
1.65934
1.45903
0.0105265
0.933301
3.87581
-0.216764
1.43588
-1.87578
-1.60718
1.26542
-1.91547
0.0242954
3.12643
3.14904
0.975955
-2.38194
1.95474
-3.33317
0.207889
-1.18357
-0.705439
1.17351
2.21367
-1.47054
2.84754
-1.43141
-0.535232
-0.728395
1.2455
2.83223
-0.551613
-2.52547
1.36735
-2.11129
2.1636
-0.925005
-0.518401
1.24017
-0.794769
-0.623663
-0.49279
-0.727824
1.66238
-0.737962
2.41698
-0.0192354
-2.6072
4.19167
0.889428
1.39353
1.98695
-0.193216
-0.89155
0.840076
-1.482
2.85789
3.53299
1.32502
2.68202
2.52939
1.41046
-0.15622
0.905869
-0.0562379
2.51314
-0.619451
3.51885
-2.60631
-0.124076
1.09247
0.776569
-1.14087
2.64898
-0.641039
0.833991
-0.860339
2.71021
-0.448533
1.15923
0.142029
0.438355
-0.704336
-0.515613
-0.467718
1.71809
1.85307
-2.65749
2.56717
-0.0797006
-1.29487
-0.443727
0.836591
1.14567
0.79855
0.584661
2.17583
-1.54552
0.0264213
-0.755423
-0.328656
1.44815
1.66319
-0.376468
-2.4319
0.695138
4.05063
-0.247985
-0.703573
1.14326
-3.20091
0.77444
1.91991
-0.432989
0.131685
2.21784
-1.26784
-0.104859
0.542486
2.00377
-0.0275437
4.62095
0.559768
-1.10454
-0.323285
-0.686335
-0.12325
1.07566
1.80032
0.0976513
-2.37812
3.60955
2.15992
-1.25889
-2.70023
-0.00206168
0.838564
-2.0863
-0.522209
1.3244
2.50245
0.482892
-3.10688
2.82673
0.599545
0.686021
2.0435
0.382275
-1.04781
-0.589517
-0.355112
0.23186
-0.715234
2.52984
0.652778
0.887141
-3.08616
0.298609
1.98478
0.960286
-0.652251
0.0532149
3.4825
0.0911148
-0.424376
2.232
0.163764
0.341948
0.220505
-0.743579
2.20617
0.15578
-0.0945776
1.17408
-1.81456
-0.0988493
-0.526491
-2.03943
-2.31862
-0.459844
-0.886406
2.8795
0.937912
1.54441
0.313275
0.408827
0.258853
3.17676
1.15511
-0.530117
-0.790217
2.14918
-0.242037
-0.915904
-1.32717
3.27778
3.04643
-0.458991
-0.11812
1.94019
-1.32159
2.11139
-0.728679
2.35249
-0.00368903
0.630384
2.40766
2.099
-1.03132
0.525977
-0.0124894
-2.20214
0.0457473
0.46637
2.23194
1.65411
2.03014
-0.59336
-0.543426
3.19725
1.06481
-1.64821
-0.836755
0.214786
0.939747
1.32096
-1.60209
1.3835
3.75697
0.169121
-2.9911
0.272033
1.57821
1.38419
0.959445
0.653627
-0.433361
-0.0317481
1.05681
2.45524
2.03034
0.339544
1.43282
0.791472
-0.284718
0.165435
1.12618
-1.0872
-0.96802
-2.58235
1.89135
-3.70437
2.06724
0.898223
0.0402193
0.0321024
3.04228
-0.620388
-0.234611
0.309967
-1.39805
2.14865
1.22371
-0.486493
2.44327
1.66062
1.1032
-0.545704
1.19594
-0.896551
1.58259
5.15619
2.50159
4.0563
-0.572614
2.10915
2.03345
0.934212
1.02145
1.38794
0.849752
-0.0581149
-0.102003
0.20131
1.06644
2.53919
2.89175
1.07801
0.32655
2.40744
2.48465
1.67421
0.998521
2.35886
1.85067
0.726226
0.446356
0.494127
1.38911
1.98898
-1.92861
-1.64735
2.57823
2.19949
-2.15962
2.78995
0.811105
3.37578
-0.371228
0.246489
-0.234982
-1.67568
-0.391314
1.07818
1.85411
0.310574
0.150649
3.60714
0.543211
1.20957
2.03354
1.14235
0.85049
-0.694254
0.525841
0.424452
1.90667
1.44703
1.15186
-2.61578
2.49048
1.77179
-1.01781
1.05637
-1.4734
0.896893
2.27774
0.79135
0.952347
2.53166
-0.705683
0.112509
-2.75009
0.766139
-1.51733
-0.255462
-1.87091
1.10671
-3.0358
-1.56006
1.85396
-0.991589
1.83895
1.0627
1.57778
-2.09038
2.38034
1.37409
-1.62807
-0.341259
2.37364
1.16353
-1.02367
1.48976
-0.934124
1.29166
-0.0722696
-0.14592
1.55815
1.38277
1.60111
1.54599
-0.680704
-0.110234
-0.217813
0.955672
1.82909
1.44674
-0.077403
-2.04254
-1.12585
2.17521
1.10057
1.08893
0.781299
-0.74116
0.640062
0.388271
1.02012
0.341038
1.19797
0.790017
1.17554
-0.20992
1.00037
-1.44364
-2.51467
2.55042
-1.00896
2.35278
-1.26612
-0.0933575
0.39102
1.08426
1.33036
1.70998
1.83266
0.450356
2.20065
-1.17128
2.19616
0.747705
0.372123
-1.42298
-0.156002
0.95561
-1.82916
2.16512
0.0906021
1.04465
0.746161
1.71191
-0.7439
1.13462
0.68383
2.16253
-0.820791
0.226118
1.09297
0.150478
-0.164219
-1.88716
-1.03196
1.03023
-1.50581
-0.669748
0.255379
0.474581
0.144283
1.89255
-2.63474
0.828135
1.79777
-0.259319
0.548029
2.19366
-0.187969
0.691124
0.550891
2.25476
-0.110822
-1.0761
0.549755
-0.274549
-0.343408
3.12591
2.99251
0.923123
2.5995
2.78557
0.340439
0.86894
0.556185
2.20376
-0.258129
2.47302
2.50144
-0.978336
-0.960019
2.60284
0.641221
0.296714
0.462469
0.925604
1.1306
-0.352535
-0.561876
-0.483943
0.385242
0.447858
3.41951
0.818264
0.955085
1.31918
-2.71864
1.74841
1.21164
-1.14232
0.151678
2.29268
1.78542
-1.30814
3.14081
3.55082
1.9333
-2.6745
-0.538907
0.518674
-2.48327
-1.27045
-2.2056
-0.967534
1.04472
1.13543
-0.173041
2.73448
0.934085
-1.09872
-1.96219
0.706892
-0.528273
-0.864085
-2.93056
-1.54786
0.0163107
-1.19794
-0.289994
-0.971632
-0.137268
0.706588
-0.640804
1.43557
-0.816589
1.37363
0.989078
0.757754
1.8559
-1.15505
-1.0757
-0.387525
0.301099
-2.20188
2.63195
-0.827872
-0.0761449
0.501206
0.934671
2.01539
1.0292
3.28464
-3.04551
-3.64901
2.11466
-0.38662
-0.963349
1.1049
-1.93688
1.22829
0.106483
-0.306833
-1.02314
-1.35846
0.227216
-1.44395
-1.49568
1.35309
-0.179357
0.709941
-0.34095
-3.00604
0.356004
2.41342
0.617884
-0.449434
2.53647
2.39547
2.5636
2.28308
2.24721
2.91202
2.76806
-1.76653
0.61898
1.8598
0.820863
1.00446
0.859246
0.890607
1.16783
-0.0484171
0.728726
-0.835716
1.99309
0.787362
1.24004
2.21316
-0.18223
-0.215022
0.0574877
1.82123
-0.62728
0.534995
0.414277
-0.493186
0.23313
1.48122
-1.86721
4.5992
-1.38233
1.41759
2.76114
-0.0570718
-0.0668065
0.42851
0.529753
0.430914
1.75367
-0.358536
0.327108
2.29003
0.426452
1.41169
1.31382
0.163837
0.342099
0.96107
1.25693
-1.18006
-1.29342
3.00517
1.15278
2.73135
-0.0841141
2.02306
-1.09021
-0.190889
0.151756
0.741552
-1.66217
-0.990681
-2.13771
1.41328
4.27633
-1.83148
2.98564
-4.75228
2.19762
2.03815
0.586535
0.00723685
0.821404
0.0479185
-1.73815
1.88522
0.706556
2.37539
0.444359
-2.0449
1.45661
0.943185
-0.308191
1.85433
-0.522573
-1.95064
-0.242746
2.92004
0.254338
-0.328183
-2.30005
1.33736
1.63367
0.786867
1.24318
1.21782
1.28146
1.79573
1.51935
2.26299
-1.40977
2.01005
0.803191
0.754784
1.66713
-2.09015
0.874627
1.59554
1.67138
-0.278945
-0.867561
-2.01691
0.427107
-1.77783
0.558256
0.331305
-0.809379
-1.44592
0.28578
-1.09393
0.893253
0.607519
-2.30823
-2.48821
3.59589
0.382083
-0.957114
0.941333
-0.859482
-1.01856
1.78609
2.55484
4.37442
0.549573
2.73149
-1.39458
1.0284
2.03357
-0.42736
1.7175
-2.47284
-0.306338
0.0326073
-1.46811
1.83669
1.53662
-0.860937
6.39462
-0.759516
1.81418
-0.38122
1.90996
0.445621
-1.68172
-0.403148
-0.555734
0.254513
-0.386712
-0.983232
0.674455
1.95695
2.00382
0.735402
-2.13964
0.81078
2.57785
1.16172
0.368066
1.03109
1.5321
1.94194
0.764357
2.81518
1.11982
1.53183
1.43047
0.0488717
-0.221795
0.637245
0.465364
0.129339
-0.289223
-2.37204
-2.55971
1.14089
-0.20817
-0.692267
-0.44536
-1.48672
1.79134
0.492563
-0.495223
-0.253605
-1.09643
1.35831
-1.62307
0.625481
1.09696
2.45288
1.37162
1.00328
0.491228
1.48927
0.436349
2.30754
-0.739848
-0.0197631
1.22304
3.91115
0.416803
2.01785
2.17144
1.02074
0.594041
-0.274579
-1.58393
0.922613
0.796049
1.09577
0.933316
-0.918049
1.74589
1.11668
1.37429
0.552563
2.42551
-1.22714
0.495239
0.624096
3.11375
0.735428
-1.01944
-1.0296
0.702227
-0.614507
-2.99913
-0.535775
0.159373
0.297651
-0.302714
-1.50712
1.8411
1.78728
0.23368
2.21154
-0.711299
0.721863
-0.285193
2.13245
0.154342
-1.32441
0.746927
-0.497251
0.22837
2.0916
-0.349279
0.810929
0.18882
1.79421
-2.47714
-1.41217
-0.0249524
-1.12598
1.33745
1.47675
-0.550705
2.93268
-1.60328
1.06537
1.14955
1.5656
2.67811
0.60722
1.67387
-2.05711
2.10956
-1.01379
0.155143
0.710115
2.73415
-0.0513047
2.01381
-0.44779
1.71389
2.1584
-0.918605
-1.11898
-0.467222
0.635252
-2.14662
-0.288549
0.585634
0.00840713
-0.156998
0.642699
1.90416
1.00547
2.69424
1.12584
-1.77631
-0.960707
0.426561
2.38686
2.7979
3.42514
-1.35966
-1.6967
0.855389
-1.28922
2.42249
-1.61214
2.01217
0.716468
-0.37572
0.852876
0.0296029
1.51648
-1.10163
1.81336
1.28662
2.02909
-1.75736
-0.391666
3.28433
-0.594376
1.42456
1.38015
-0.66918
1.9479
-0.179653
-0.821868
0.42137
2.03514
-0.506414
-1.29359
-0.563569
-0.222588
1.36581
1.3474
1.76261
-0.91573
0.65492
-2.02894
0.24797
-1.03986
0.0507929
1.15034
2.44543
0.425709
-0.565044
0.0725905
1.44557
1.2761
1.66741
1.75423
0.794286
-1.62775
-0.595796
-2.71684
-0.208144
1.53574
0.565497
3.21323
-0.648909
1.16807
-0.668085
-0.190271
-0.149562
-0.537947
-1.24305
1.16162
1.5831
2.21227
0.182776
-0.0306509
0.901173
-0.415836
0.7398
1.24092
2.9257
0.462512
1.2628
-2.50331
1.12709
-1.22714
0.771024
0.402291
0.80616
-1.24505
-1.33844
-2.18208
0.379625
0.959341
0.26167
-1.1859
1.41011
-4.36291
0.334312
2.90946
-1.74613
-0.502798
1.40594
1.43639
-0.793871
1.61938
0.959887
2.79149
1.52418
2.59431
-1.39919
-1.16127
-2.17282
1.63127
0.818603
-1.29954
-1.83603
-1.61004
2.10773
-2.88466
1.6375
-0.417485
0.0802043
0.0473902
-0.825304
-0.0984496
1.24274
-1.0102
-0.794231
0.1019
-0.045556
0.268776
-0.348124
1.76255
1.73167
-1.0993
-0.293699
2.92304
1.6101
2.53168
2.48375
0.869534
1.69467
-0.11006
2.35215
0.692221
-1.29548
1.08581
-0.592583
0.183283
1.41341
-0.403412
-0.985647
-0.224216
0.262893
0.745225
-0.0126605
-0.336446
3.69822
-1.35962
-1.09134
-0.906963
-1.48699
0.585296
-0.020399
1.62456
1.83998
1.5371
0.632627
0.333783
1.40507
0.804161
-0.885848
1.19305
-2.61413
0.924349
0.250469
1.62717
-1.00166
1.56917
-1.4537
-0.363224
1.30796
3.26415
-0.154732
-0.0712799
2.5829
-0.129779
0.180396
0.28351
-0.883281
0.093836
2.60292
1.29117
0.173092
1.37582
-0.0778562
0.683436
0.0247093
1.41133
3.0709
0.11123
0.746562
0.272941
-1.6416
0.0376652
0.418275
-1.28338
-0.733944
1.30913
1.68974
-3.19071
0.49466
0.488209
-0.751175
1.12196
-0.299803
-0.137522
-0.491152
0.662573
1.8363
1.80236
1.99613
3.44943
0.470774
-0.024267
-0.743587
-0.652887
2.52787
2.72875
0.93055
2.99933
-0.0942179
-1.20641
1.94576
1.12669
0.456392
-1.41778
0.808527
1.72709
-0.00766201
1.03283
0.721476
2.48525
0.34362
1.76636
0.162983
0.664504
-1.9424
0.474912
0.823821
-1.49102
2.74676
0.234362
0.120697
-0.213659
0.567088
-0.180762
-0.722286
3.7473
-3.45608
-1.41965
1.64603
-1.75651
-0.192074
-1.78247
0.337485
2.88062
1.20698
0.501967
-0.909236
1.83352
0.443734
-0.670568
1.79156
-2.51295
2.47963
-0.952679
0.593822
0.0145399
0.926493
3.22121
-1.17949
1.50038
-1.13334
0.144329
0.509184
1.67228
-1.51006
1.78162
0.262866
-0.463774
1.60833
4.42325
-1.12775
1.6258
0.877833
-1.48205
-0.66553
0.0737644
0.406128
2.70855
1.0123
1.51785
0.87408
-2.4949
-0.492755
-0.770283
-2.43005
-0.739071
-0.190076
1.31426
1.37822
-0.448569
0.333819
-1.10719
0.78994
2.44894
1.16629
2.27533
1.88643
1.01913
0.900552
0.907636
2.48107
1.38223
1.47319
0.0570492
-0.343239
-0.245154
0.610196
-1.26689
3.03283
1.39594
1.16403
-1.62323
1.83317
2.33653
0.182012
-0.414975
3.04543
1.00273
1.92787
1.40924
-0.611704
-0.114721
0.765891
-1.2315
0.167028
-0.540424
3.03824
0.53924
1.1615
2.63177
1.44371
1.90931
2.18436
1.18282
0.218429
-1.42535
0.253005
2.84054
-0.806437
-1.59329
0.48563
1.11131
1.15804
0.476857
-0.575568
0.29424
-0.520321
2.1764
2.68782
2.08686
3.23996
-0.620035
1.15586
0.385003
1.22844
1.60823
0.982149
-0.0711862
-1.12983
-1.08284
-2.99679
-0.679919
0.69572
3.01275
1.36582
1.67674
0.275922
2.20768
0.544397
-0.493207
0.627423
0.104311
-1.18479
0.24172
0.335196
-1.6778
1.17094
2.04284
3.6768
-1.51375
1.84153
1.24304
-0.855241
0.720217
1.71485
2.40792
1.65996
0.826879
-0.359012
0.16482
-0.183917
1.52408
1.13464
0.207854
2.19518
0.885981
1.88614
-1.22116
2.99052
0.392322
-0.514632
1.67511
0.929583
0.965855
0.804808
0.464627
2.51447
-1.16561
1.45997
1.00857
0.690307
-0.224296
-1.23768
3.8302
1.23354
-0.409094
2.0288
-1.22639
1.85532
-0.729306
1.45785
0.467511
1.32533
-0.412325
-0.154939
1.89997
-0.594091
-4.62117
1.40133
2.87886
3.83507
1.80228
1.24826
1.75569
-1.27186
1.75906
-2.14098
1.95373
-2.17161
1.29836
1.5681
-0.195205
0.290111
-0.0901871
-1.80102
0.411729
1.45201
-1.08919
-1.25397
2.03557
0.929914
-0.86228
-3.27863
1.0607
-1.09645
0.746941
1.7539
1.00566
-0.476911
0.739964
0.63756
1.71444
1.86839
1.78182
2.19855
3.76457
0.154032
0.67672
-0.371728
1.67922
-1.129
-0.118741
2.28316
1.83035
1.94746
1.61088
-1.52902
1.3714
1.89582
-1.31086
1.99296
-0.683508
0.667372
-0.292573
1.90355
0.4143
0.239283
0.855391
1.65187
0.396983
2.172
-0.383338
-0.359731
2.37779
-1.97512
4.68192
-1.79761
-0.00378088
2.04493
-0.150926
-0.859477
2.26324
1.5239
0.390889
1.28882
1.27964
1.78235
0.657091
2.61359
1.08401
1.38834
0.1861
2.31806
-0.264594
0.86646
-1.32831
0.258869
1.55444
0.782458
1.06523
0.188293
-0.0208805
1.74525
-0.996233
3.31019
-0.410427
0.260988
1.35948
-1.49386
1.09932
1.89773
0.369145
1.72447
2.06243
1.33961
-1.35963
2.54242
1.55436
-0.19641
2.51701
-0.353876
-0.308819
-0.65738
-0.435518
-0.588938
1.42268
0.749292
-0.536653
1.20792
0.200641
1.14228
2.75521
3.31225
1.13112
1.38232
2.16047
0.474039
-2.81252
1.30738
1.82541
1.0199
2.11073
2.23777
-1.01826
1.58325
-1.11063
0.976175
4.1526
2.06543
0.60077
-0.229939
1.1559
-1.25683
2.44878
-0.91717
1.06099
1.35219
1.38153
0.896023
2.91608
-0.0115604
-0.334136
1.51185
2.16082
0.55654
2.09974
-2.16107
0.512529
-1.26759
1.48076
1.91692
-1.23303
0.560671
-0.0828465
-0.0856258
0.59173
1.12669
0.315684
-0.357353
1.50873
1.61354
-0.777679
2.25636
0.40144
-2.23293
0.48957
0.839617
-0.524932
-0.684611
0.876625
2.32812
1.19208
-0.814772
1.40375
1.00444
0.481853
-0.205938
-0.497774
-1.6537
-0.17634
0.569881
2.34278
-1.28485
0.668979
0.696552
3.1679
1.51204
0.660645
0.388408
-1.73552
2.857
-1.02655
-1.9579
1.87463
1.67716
-1.21619
0.469049
0.911953
1.02386
1.17998
1.49436
1.2713
0.0656407
-1.62939
2.07087
-3.76585
2.28139
0.795308
1.49772
3.18807
-0.177211
-0.647299
1.10606
-0.195822
-0.519315
1.44333
-0.706967
1.8617
-2.03137
1.04868
2.27596
1.55317
-0.38592
1.18607
-1.72794
-0.125238
-1.61547
2.75952
2.13086
3.25242
2.30571
1.01506
-0.105784
0.191757
0.984529
0.608106
1.74109
-0.888884
-1.67865
-0.352501
-1.99235
1.29204
-0.253817
3.88583
-0.858081
1.43508
1.04602
-0.59314
-1.95483
2.6154
1.04107
-1.38879
1.4792
-1.32537
2.13016
-0.50858
3.78824
1.49061
3.25138
-0.329473
0.742146
3.00587
1.73278
1.29613
-0.442278
1.87906
-1.36072
0.852273
1.96267
-1.21411
-0.30917
0.243684
0.163604
2.59376
3.53428
0.70154
1.22061
2.97938
-0.752618
-1.46479
2.33128
2.37185
1.21932
-1.16106
0.204111
0.434609
-0.941229
0.0648945
-1.00325
1.35949
0.701847
3.30888
0.542344
-1.16616
1.31016
-1.18198
0.390713
-2.69585
-0.320246
-1.41656
0.0649053
2.48223
-0.991365
2.03453
0.700821
1.70869
0.51263
1.64753
1.50696
-0.687825
-2.61426
1.29328
1.63465
0.49294
-0.253659
-1.08167
4.01712
1.39583
-0.0959075
-2.34315
2.27128
-3.12277
4.19952
2.4027
-0.902851
0.117121
0.926173
-0.581032
-1.11112
-0.914246
0.0489739
0.60045
2.32122
1.01402
0.386825
0.224917
-0.8439
3.42579
1.17881
1.06135
2.34536
0.521023
2.17555
-1.17513
2.32867
-3.92169
0.726929
0.297168
0.401078
2.64608
-1.23459
0.305465
-3.64461
-0.914922
-1.64706
0.0391991
0.0248227
1.93557
1.02264
-0.0300815
2.0541
1.29091
-2.00012
0.0580293
0.242892
0.132561
1.88339
-0.0813639
-2.44059
-2.9682
-0.432288
3.09356
-0.562411
-0.188034
3.58541
1.94615
-1.26406
-2.15306
2.31591
1.76154
-0.867321
0.0630203
-0.492084
1.93636
-0.385099
-0.198467
0.0551229
1.06193
1.76653
-1.36641
1.8128
0.802229
4.47614
0.516457
0.950597
2.02186
1.99248
3.32691
0.613917
-0.449199
3.16807
0.693267
-2.27345
0.841905
3.27196
1.97671
1.79262
0.936476
-1.21281
1.51382
-2.02149
0.979994
-1.63688
4.06833
1.33203
1.3808
2.64925
2.68239
-2.21847
-0.973224
0.684954
-0.668857
2.53915
-1.45315
1.26215
0.789067
-0.28304
1.30195
1.51216
1.94173
0.370147
-0.857867
1.58205
0.700059
1.06885
-0.947619
1.01334
2.54048
-1.04934
0.373252
1.12006
0.473314
4.44703
2.41515
3.13912
1.46847
1.27874
-0.640319
2.30372
2.02967
-0.954232
0.826572
1.78292
-0.0915854
0.903859
0.559982
1.10403
4.2788
2.70278
1.26708
-0.398027
3.14769
0.0906808
-1.01536
-0.874127
-1.12704
2.31256
-1.36336
2.12987
0.261768
0.124876
-0.337269
0.0607843
-0.27108
2.5056
-0.68937
-1.24655
-0.472169
-1.36915
1.71841
2.55783
-0.329241
1.56885
1.70431
2.36578
1.8298
0.0504375
-1.00782
-0.0267388
2.2083
-1.3506
1.86909
-3.29814
-1.5964
-2.74337
2.57972
-0.241264
2.73369
0.0937588
-0.950198
-1.18973
0.259427
1.18
1.69724
-2.28814
-1.93047
-1.64101
2.80483
0.577535
2.61546
1.4724
-2.52536
-1.21774
-0.0764379
3.04498
0.0143783
0.113171
-0.643761
-0.03984
-2.44884
0.646655
2.49001
1.29625
1.35713
1.40792
1.99563
-1.63594
0.788531
-1.67811
0.486382
0.784541
-0.415488
0.466337
1.55592
-1.83867
-1.71736
2.0236
3.31021
0.089694
0.712009
0.925293
1.35503
2.40268
1.75328
1.23975
0.185712
1.84749
2.29268
1.95648
0.926037
0.325221
1.09965
1.25527
4.3276
0.858098
-0.858548
-0.348847
-1.33324
1.40364
0.659955
2.09815
0.825368
0.150747
-0.040844
-1.55775
0.227839
1.92519
1.83334
2.02443
-0.945403
-1.5807
0.533413
0.947977
0.937439
-1.50989
2.79218
0.819915
-0.344415
-2.10249
2.16039
-1.29609
0.933996
1.4458
0.0305835
1.44097
-1.20731
0.640284
0.0455546
1.18863
1.09803
1.38692
-0.0211134
-1.2124
0.670639
1.09563
1.69281
-1.10591
-1.32403
0.743196
-0.464581
1.37807
0.765637
3.03864
-0.183912
0.258207
2.23182
-1.54362
0.730436
-0.00211959
-0.148554
1.73316
2.06928
0.622503
-0.724101
3.00951
0.498348
1.67905
-0.201773
-1.10811
1.82753
0.723943
-4.41416
0.26543
0.965828
2.91042
2.69053
0.288474
-0.21193
-0.817
-1.55364
4.56362
-2.54248
-4.94459
1.11445
-2.99838
-2.13437
0.256188
3.08429
-0.19031
-1.22015
2.38325
-1.38364
0.0537628
0.154861
0.0587041
1.14084
-1.12305
-1.98815
0.762301
0.231298
0.23963
-2.95654
-0.497002
0.163144
1.31216
1.28647
-0.330089
1.83259
-1.78342
-0.886606
-0.0311269
1.52674
1.58284
0.45311
-0.0461851
-0.291579
0.746125
-1.43468
-2.34176
0.360597
1.94409
-1.00955
2.22085
0.0371365
-2.38866
0.739846
3.14727
2.54701
1.60403
0.299812
-0.676507
-0.10211
1.63854
1.65689
1.58296
-0.41
-0.88929
0.563401
0.84543
-1.05754
2.95929
-1.89826
-0.213454
-0.977813
0.4977
0.132535
-1.87895
-0.88781
2.57443
-0.015851
1.53588
-0.573869
2.72006
1.80971
-0.533591
-1.1104
-0.699563
-1.17175
1.60751
2.36115
1.18431
2.51092
2.41355
-0.388829
1.4146
2.08764
-1.96088
-0.228564
1.21099
1.40083
1.14109
-0.365616
0.762037
-0.00764072
-1.07742
2.86393
-0.798015
-0.445215
-0.883092
0.196069
0.856335
1.40382
1.1471
0.204471
0.530818
-0.0983554
-0.115509
3.01192
1.05713
0.857305
2.47984
0.0893601
1.04126
0.137715
-0.917251
0.250364
0.732809
2.5546
-0.547105
1.59314
1.26597
2.27954
0.485444
-0.608174
1.62785
0.598686
-2.07636
-1.0689
-0.525392
-1.07041
-3.13167
0.0900325
-0.158935
-1.22218
-0.15468
-1.27595
-1.47606
-0.652371
1.98354
1.21708
-1.66565
1.62142
0.825222
-0.676262
2.91239
1.98707
-0.0422182
1.8813
0.0768485
-1.00809
-0.411597
-0.0862692
-1.45061
-0.275158
-0.257169
-0.615264
0.669429
1.32376
0.515637
0.819027
0.693515
2.70277
1.01555
1.76977
0.0948145
0.504965
1.91498
1.08465
0.0558371
-1.4045
0.133455
0.224677
-2.59073
0.847967
0.858551
1.45351
-0.138321
-1.06497
1.65154
1.75269
-0.31884
1.31616
0.169063
-0.240806
0.975484
-1.14838
0.81749
0.365088
-1.4375
0.266061
2.9403
1.2913
0.246535
2.26738
-2.34042
3.29172
-0.793354
2.32362
-0.135099
0.229125
2.03432
0.176946
1.0024
3.04084
0.747842
-0.136818
0.463838
-0.378734
2.09349
0.173764
1.09143
-3.45712
2.46654
-0.310609
0.712683
1.36015
-0.185696
-3.11178
3.02958
2.39454
0.675314
1.96707
-0.480454
2.31267
0.456336
0.232167
1.52484
1.66272
-0.611851
-0.535987
1.70828
0.290436
1.67491
1.69575
-2.16496
2.46938
-0.967828
1.13794
0.191929
1.74577
2.15148
0.537488
1.24403
-1.76033
-1.40415
-1.59225
0.986443
2.28098
-0.522677
2.45995
0.326948
-2.63173
3.06382
-0.480038
-0.842114
3.22464
-0.608137
1.02628
0.157881
-0.4681
1.18247
2.72394
-1.28851
0.310887
-0.380277
0.406024
0.0912056
1.93393
0.293735
2.1837
-0.486133
-0.0445452
1.85002
0.336583
1.9268
-0.096855
-0.151624
-0.924206
-0.478636
1.7604
-1.85312
2.16342
1.30946
4.51365
0.500945
-1.36911
-0.839
4.56819
-1.46067
-3.00161
1.57415
2.28415
3.21226
-0.964619
-1.0861
-0.428631
1.32357
-2.2438
0.41268
3.33932
1.16745
-0.482779
0.540864
1.01384
-1.27699
1.52714
-0.915894
-1.02173
0.918146
2.84615
2.04625
0.485752
-0.108734
-1.13505
2.69784
-1.73441
2.36186
0.558573
-0.660886
0.595264
-0.616988
1.69539
-2.15812
-0.163699
1.01441
0.723735
0.654019
-1.58588
0.102991
0.258511
-2.0129
0.788813
-1.10943
-0.125529
0.467998
-0.382798
1.14053
-1.0459
1.18512
-0.597512
-1.37075
1.36223
-0.8052
1.08233
-2.0244
0.642059
1.44778
1.33114
0.818937
0.912689
-1.67943
-1.49434
0.220899
1.38961
-0.337332
0.341803
0.226027
-1.30074
-0.250439
-1.13094
-1.00367
0.444888
-1.49963
3.16492
-2.43262
-1.43295
0.202902
1.38401
0.729879
1.53185
0.931841
-0.397567
0.101753
-2.90641
-0.495176
-0.82132
1.2076
0.523199
1.26299
0.130995
2.82439
-0.706432
2.93596
1.635
0.90137
1.53572
-0.15589
-1.04112
2.04816
-0.434744
0.260412
2.32755
-0.319024
-0.275771
-0.282747
0.300463
2.79923
1.2389
1.54575
-1.12058
1.87688
2.53203
1.89041
-2.1722
-0.714918
2.66845
0.229193
-0.341165
1.01443
2.1012
-0.809535
0.0925291
2.85959
-0.900123
0.422649
1.24056
2.15054
2.07968
1.43574
3.06874
-1.58201
1.32113
0.951798
0.0236411
-1.12138
-2.20924
-0.72512
0.277835
-0.176189
0.215886
0.877163
1.8089
-0.0354927
0.0121815
1.24789
0.0764267
1.32717
1.39257
1.09317
-2.58127
-0.019514
0.952783
-2.35987
-0.227921
3.33358
2.07685
-1.03647
-2.20957
-0.0842586
1.29209
0.646508
3.37601
-0.885323
0.360402
2.56671
1.01874
-0.400287
-1.50416
1.31335
1.18355
0.188604
0.707156
-3.07913
-0.529691
3.55032
-1.30659
-3.36006
1.92753
0.782863
0.220488
-1.15272
-0.176913
2.94227
-1.29792
1.04954
1.93984
-1.68053
0.221116
0.689789
0.9301
1.84712
0.473896
-0.311894
1.61096
-0.127366
1.78019
2.72986
1.22433
4.45319
1.57612
0.329333
-1.804
1.24386
-1.62499
1.9687
1.85402
-0.277482
-0.178943
1.19216
-1.05514
0.268883
0.0866568
0.363025
1.48282
-1.42569
-0.646543
-0.346337
-0.278327
-0.465739
0.0517271
0.635004
-0.00230509
1.37183
-0.854955
0.0917156
-0.243021
1.90807
1.30796
0.342901
1.79169
1.25958
2.03613
1.21723
-2.6379
-2.19081
-1.27969
1.37726
4.61853
-3.03196
0.74944
3.01407
-0.538461
0.63034
3.65061
1.25795
1.6091
-0.06515
-0.817341
-0.230097
1.06866
1.52863
-1.12298
-0.292024
-1.02246
0.332223
0.149896
0.416416
1.31507
1.20677
0.696184
2.24596
1.59711
0.914762
2.15095
2.4595
-0.00349181
1.37543
2.69509
1.25911
0.130874
-0.0889614
-2.30969
0.8664
-0.096546
0.528987
1.29229
-0.830139
-0.0665394
-3.25921
0.828691
2.59663
0.648938
-0.510632
-0.768347
-0.0614025
0.388883
1.92741
0.914242
0.752204
0.269995
-1.95942
2.85759
1.33968
-0.734118
0.603819
1.08608
2.55463
-1.06428
2.62334
-0.139575
-0.881042
2.04674
1.62206
2.2142
0.596086
0.0734484
-0.763398
-0.459832
-2.92033
0.342319
1.49345
2.07046
0.376929
1.00554
-0.879168
-0.59769
0.700913
0.215731
1.85242
-0.924357
2.40466
-0.147918
3.34935
1.76247
-1.35845
-0.762435
0.602047
-0.0527455
1.59277
1.02425
-1.41396
4.29363
1.28792
0.78484
1.98464
0.360112
-1.00184
0.414955
0.122939
1.57213
-0.416443
-0.435897
0.279848
1.5983
0.0866743
0.545814
-0.972361
1.68958
1.24942
-1.76137
-1.17191
-0.722526
-0.0246595
-0.221173
0.430622
0.663247
-1.53152
-1.96103
2.2071
-0.209212
4.62623
3.16908
0.222048
0.618232
-1.38636
-2.04324
-0.377146
-0.978626
-0.000387398
1.6257
0.55846
3.15008
1.50036
3.25925
-0.370265
1.93669
2.18452
3.31042
-1.48815
0.124326
0.476375
-1.63915
-1.84458
-0.870783
0.648229
0.858317
1.17549
-1.06022
-0.792578
0.770952
1.47896
3.84718
-2.04929
0.371023
0.156203
1.23634
1.41029
-1.92325
1.06978
1.90345
3.097
1.64335
0.313194
1.88816
1.56085
2.46575
1.18822
0.911636
0.135701
1.31293
-0.0570779
-2.17615
-1.51483
2.02293
-1.33618
1.55971
3.3549
2.44006
-0.615386
-0.204224
2.12025
0.708515
1.26551
-0.151158
2.5533
0.180554
1.00608
2.12425
-2.14013
-0.133532
0.00335168
0.263251
0.481564
0.732419
-0.742955
0.512919
-0.275945
1.65965
0.353975
-0.306066
2.04613
3.87092
-0.840299
1.24689
-0.192851
1.10801
0.153602
0.571121
2.14542
-1.16172
2.09007
1.2732
1.49188
0.886702
-0.480644
1.58488
-0.289642
-1.26705
-0.58093
-0.41572
-0.268334
-0.29648
-2.48257
-0.489951
0.82651
-0.511413
1.12676
-0.540863
4.50032
-1.29171
-1.83223
-0.637656
-0.961315
0.0500766
1.5803
0.108547
-0.606581
-0.823681
-0.614594
-1.49964
-3.41877
3.3995
1.75207
1.62854
1.38934
-1.42918
2.32216
-1.32672
1.03091
0.517325
-2.88728
1.30766
-0.409203
1.23696
0.557515
0.60965
-0.199828
0.71009
0.565635
1.09693
-1.24311
3.54171
-1.38398
0.851759
1.48505
-0.884775
-2.25859
0.215057
2.4455
-0.348026
2.73534
0.2672
1.18932
-0.431736
1.74076
0.907021
-0.530134
-2.19766
-0.155402
1.39114
3.86807
1.48059
3.35464
0.983582
1.94818
3.25721
1.50829
3.46958
1.30543
0.968642
-1.86299
0.892165
0.570913
0.0900927
-0.858844
1.8123
-0.23634
-1.15897
-0.148155
1.38214
2.12031
-2.05575
0.149665
1.79175
2.75527
0.421566
1.47035
1.18387
2.09109
-0.00328893
-0.486094
-0.669696
-3.10377
0.349325
0.464165
2.52812
-0.354063
1.41304
0.448793
0.477901
-1.21633
0.511416
-1.22031
4.7271
-0.992359
0.176514
-1.10158
0.0570181
1.20822
-0.305251
-1.74014
1.57667
0.701188
1.97071
1.23009
-1.57244
1.18451
1.80677
2.22052
-0.468574
-1.51997
1.25924
2.21753
-3.78712
0.535904
-0.934934
1.00658
1.19525
2.50781
3.17321
2.75708
1.56333
0.087471
-0.0507748
-1.16636
0.301699
0.924221
-1.21156
0.039005
-1.21593
-0.190304
-2.5428
-0.857397
0.645133
0.757196
1.68856
-0.270793
-0.0834893
-0.210074
1.18997
-0.922443
1.53757
-1.43694
-0.481111
-0.94546
1.0835
0.948543
1.4445
0.539455
-3.00474
2.36521
-0.388584
-0.0360154
1.34836
2.24891
2.57753
-0.273503
1.23362
3.82092
1.3111
-0.192299
0.110591
0.552829
1.12825
2.41733
-0.19448
2.18938
0.890734
-0.18668
-0.973218
0.0423832
0.657443
0.458129
-0.693601
0.739553
-1.43888
2.4027
0.738522
2.1671
-0.419748
0.590212
-0.728432
-0.0699236
2.15511
1.41008
-0.807899
0.190905
-2.37101
-3.15021
0.0311497
1.60772
-0.230292
-1.03823
-1.39996
1.22966
0.803574
-1.26275
-1.08043
-1.08283
1.46922
1.29627
-0.413535
-0.624764
-0.0501065
-0.225792
3.14923
-0.144841
-1.54632
1.246
2.39504
1.00842
2.03228
3.05486
0.201078
-0.865498
0.293608
1.35204
3.88178
2.89484
1.3978
-1.05987
-1.23192
0.230115
0.299935
0.936525
1.80645
-1.87133
-0.0599765
-1.27293
1.54729
-0.446694
3.06294
1.57564
0.644421
0.608983
1.31819
-0.0321628
-2.3678
0.805481
-2.83782
0.675321
-0.648558
0.551191
0.817009
-0.275619
1.0026
-0.874676
1.4642
2.35618
-0.790738
1.93024
3.42481
1.80872
-0.346288
2.25947
-1.70828
1.47655
-0.420042
1.29338
3.68103
0.804666
-1.77316
0.582074
0.938621
-1.2062
0.926692
1.0456
-0.295897
-0.11914
1.73904
1.9734
-1.75246
2.22854
-1.53361
0.0243063
-0.719713
1.45486
3.05227
1.28613
-0.292939
0.268177
0.0319997
1.5531
-0.0119698
-0.68992
-1.3051
1.3828
0.334585
-0.043795
1.9537
-0.700456
1.3338
0.972118
-1.5597
-1.30951
1.34293
-0.0316925
-0.13377
1.6684
0.676763
-1.03317
-0.567527
1.6926
0.309401
1.39147
1.96501
-0.0191154
0.906584
-0.0643389
3.34055
1.98224
1.59023
3.16355
2.84517
-0.976099
0.206762
1.06428
0.54694
-3.1424
0.94196
0.113942
1.51369
-0.791953
2.51828
3.57489
-0.646924
-0.950098
-0.537012
0.991062
-0.307695
3.14667
0.852204
1.5809
3.45915
-1.08943
0.597809
-2.31742
2.33204
-0.427952
2.90876
0.552845
1.37672
2.07047
1.01735
0.218998
4.76286
2.2374
2.12058
0.232123
1.20593
0.213612
4.95499
2.79309
0.292049
0.170218
-0.713918
0.290254
2.97485
-0.421231
-0.423748
2.60293
2.20398
-2.03177
1.95189
0.450888
3.61624
0.59422
1.64533
-0.659032
1.66101
-0.861754
2.94971
0.374544
4.3327
1.01158
2.65476
-1.53283
-0.20568
-0.970354
1.18933
-2.17754
2.52227
0.04785
-0.977833
3.07584
1.28386
0.398079
1.20863
0.766294
1.2105
-0.416332
0.37995
1.49527
-0.761832
-1.80429
-1.6609
0.756777
-0.0436437
-2.57207
-0.984414
0.657156
-0.883933
0.105218
2.73876
-0.172593
1.89523
0.505007
2.3285
0.073435
-0.525528
1.87166
0.0323572
-0.0138583
-0.693653
-0.440253
-0.933255
-2.04582
2.52742
0.695249
0.1286
0.22834
1.81278
-1.91733
1.57683
1.616
0.961524
1.43228
-2.97216
-1.51337
0.331165
-0.549669
1.07957
-0.472001
1.08356
1.47654
3.85465
3.75263
1.92593
0.0893775
0.32088
1.03017
2.03108
3.26159
1.26615
0.742126
0.454797
0.865012
-2.63988
1.49728
0.501759
0.993315
2.43627
0.618615
-0.892636
1.75174
-1.23645
-0.157174
2.33318
0.387287
0.243298
-1.65944
0.0881634
1.46692
-1.27984
2.61913
2.21474
3.00322
-1.3994
-2.29938
-0.449701
1.4439
1.33598
1.56247
-1.03577
-1.79412
3.05765
0.810395
0.423833
-1.16633
2.64749
1.08978
-1.40115
2.27373
3.71637
0.966242
0.743685
-0.988774
1.40925
2.44658
0.734999
-0.379622
-0.558258
1.75484
-0.506965
1.94081
2.39729
-0.606555
0.29831
0.833287
2.49383
0.757887
-0.795701
-1.68676
-1.01934
-0.137967
0.312151
-1.23276
-0.10702
-0.318178
0.469761
-0.312681
0.0870851
2.31505
1.51089
2.95375
-1.26616
3.01416
2.96402
-0.926458
0.999276
-2.44675
2.87813
-0.431452
1.67237
-0.374747
-0.28508
0.277277
-0.100279
1.33453
1.18062
1.3915
2.60672
0.941704
1.2723
0.060888
-0.739825
-1.16228
1.24002
0.991224
-0.589825
1.31975
0.69665
-0.0309462
-0.752039
0.912405
3.54323
-0.990978
2.72204
2.03207
2.12188
1.01961
1.35045
0.19162
2.12365
1.89728
-1.17492
0.600023
0.406509
-0.0606265
-1.43155
0.354061
2.52515
0.614803
-0.650461
-1.55713
1.19994
2.69162
-0.26133
-1.9562
0.0350582
-0.103679
2.25088
0.508154
-0.220159
-0.989073
-0.15499
0.360593
-1.44669
2.01403
-0.0671
1.10377
1.99379
0.153812
-1.50725
0.129134
1.37834
-0.586532
-2.11823
3.56656
-1.04952
0.440977
0.248928
-1.14246
-1.56412
0.715147
2.44839
-1.05751
-2.15739
1.2354
-0.107014
-1.99884
0.84867
-0.890603
0.306799
0.860402
-1.18113
0.207483
-1.01148
0.727455
-0.747405
-1.18336
0.268089
-0.769837
2.07382
1.67478
0.245153
0.108386
-0.763351
0.390013
1.70729
0.945035
3.60979
3.30478
2.76642
-0.849762
2.11073
1.4312
-0.564167
-2.14283
2.72361
-0.593571
-0.668154
-0.128589
-1.14142
-1.48249
1.09399
0.661771
1.3259
0.911192
-1.34042
-0.10856
4.34916
2.01503
-0.0116121
2.55857
0.327812
1.30316
1.72158
0.183874
0.1621
-1.69005
1.85692
0.438439
-0.713711
-0.313612
0.80592
0.424826
1.60261
-2.46828
1.58315
-1.45326
1.46342
0.118665
2.40109
1.72258
-0.22045
1.18015
-0.165935
-2.44496
1.57259
1.07067
0.499149
-0.297345
0.515704
0.841401
0.450715
2.29441
-3.28013
-2.94994
0.850529
-0.664967
0.786251
-0.125602
0.155451
-0.426609
1.02729
-3.00066
2.88545
2.37381
1.82883
1.23017
0.822695
0.225131
2.1575
1.39031
-0.487357
2.16708
0.10225
2.65096
-0.464398
-2.22943
3.94979
3.44035
-1.77657
-0.620072
-0.616711
1.4403
0.113341
0.312381
0.985592
-1.23599
0.168763
-1.0087
-1.7361
-0.813029
-2.1262
3.27947
-0.490359
-1.4307
-0.586136
2.52741
1.44332
0.216161
-1.33852
3.58659
1.43774
-0.569244
0.965861
1.06672
0.819957
0.128594
-2.45323
0.807751
0.337571
1.1603
1.07256
2.55381
2.37898
1.46067
0.0544564
0.637392
2.35958
-0.42179
1.5589
-0.0363458
0.648518
-0.916501
2.46295
0.352683
-1.39867
2.31943
-0.831564
-2.30524
2.19421
1.26566
-1.53915
-0.902919
-0.986502
-0.849255
-0.32144
-0.939825
0.920834
-0.231744
0.415455
1.811
1.59707
2.39716
1.15972
-1.80017
-0.205945
0.365286
1.93094
3.87137
0.707814
0.321515
0.378276
-1.6181
-1.55753
1.429
0.610682
2.77234
2.86927
1.75448
-2.78157
2.77523
-0.852753
-0.514278
2.56903
-0.182429
2.75567
-1.21816
-1.09519
0.676442
0.547295
4.54684
-2.67056
1.55166
0.338096
0.805223
0.438747
2.34572
-0.205389
0.451663
0.966685
3.01302
-1.19848
0.629765
2.72454
-0.450705
-0.908786
1.17832
-2.75902
0.266902
0.34092
-3.11717
-0.206042
2.01976
0.297258
0.545106
1.8105
0.0223584
0.00848685
-2.44131
-0.816634
-0.324661
-2.1951
2.1194
2.50426
-0.314909
3.00314
-1.77063
0.431285
1.74779
-0.411109
-1.87086
-1.31245
-0.458279
-1.43119
2.8954
1.68997
-2.2562
2.00871
2.3818
-0.165341
0.313444
2.91089
-1.36312
-2.30869
0.374953
0.919759
1.74444
-0.410246
-0.672698
1.73036
0.450067
-0.117859
1.0551
1.38399
-1.47931
1.60709
-0.293719
0.0897864
1.71984
2.25311
1.74467
0.128783
1.20692
-3.07928
5.52333
1.21691
-0.0102207
0.517605
0.00921757
0.435646
-1.21802
1.05126
3.73986
2.29916
-0.339737
4.5309
1.34586
0.610993
0.518611
0.140364
1.90887
2.12129
1.80421
0.547711
-2.16871
-0.159815
1.11943
1.69577
0.621683
2.06673
-1.12101
-1.5371
0.589246
-0.295957
-0.606356
-0.105211
-0.93002
-0.475792
-2.44748
0.65004
3.07546
-0.695518
1.1981
1.41882
-2.33531
-0.905301
0.0314504
1.04891
1.07134
0.58003
3.78092
2.14377
-1.90777
0.952097
-0.863882
0.808057
-0.131024
-0.20487
-0.176479
0.367624
2.66224
0.0529321
-0.596479
-1.03585
-2.37435
0.974299
1.60147
-0.756267
2.56767
0.741583
-2.08396
1.26991
4.26137
0.374181
0.871532
1.40769
-0.798805
2.92127
0.543242
-0.649182
1.1006
-0.0770307
-2.14346
-0.182378
-1.33927
-1.5837
4.16408
1.21166
-0.671298
-0.8473
2.43139
0.79771
1.72424
0.222756
2.30416
0.564432
-3.07794
1.07266
-0.781649
0.580865
0.858323
1.33075
0.763091
1.79796
-0.0589903
1.13859
2.70963
-0.158549
4.41685
0.9888
0.879764
1.00338
-0.166025
1.24213
1.76842
0.160273
-1.60284
-2.72123
-1.07597
0.235593
1.13074
-0.296465
-0.298572
-0.27215
-0.710198
-1.00452
-2.50229
1.03014
1.73547
1.94851
1.53643
-1.86082
-3.58146
0.528861
1.09484
-2.38045
-0.499848
0.78251
0.151147
2.80834
-0.204208
-0.732809
-0.591631
0.574005
-1.59827
1.14606
2.18274
2.342
1.32889
0.484598
0.956988
-0.569192
1.71318
0.477563
-0.667406
-0.818826
-0.494189
1.86898
1.8185
1.08329
-0.983331
1.25561
1.64648
-0.698879
0.641238
1.11701
3.08374
2.68931
-0.0543182
0.632276
-1.64313
-0.270012
1.90996
-0.616668
-0.194626
-3.55659
-1.14776
0.633391
-1.21648
0.752142
0.381316
-3.05082
2.58579
-1.35948
2.2664
-0.227846
-1.3635
1.29199
1.52626
2.19676
0.891592
1.15855
0.0728566
-1.72316
2.95573
0.112603
0.558622
0.982623
3.44131
1.07755
-0.266586
0.929862
0.58108
0.981072
1.01542
0.50349
0.0224888
0.816639
-2.26398
0.671529
1.04556
-2.28563
-0.192635
-0.866087
-2.69725
4.51301
1.23124
-0.389083
2.8284
1.15714
0.0512539
2.51416
0.13705
0.108713
-2.20928
1.11156
1.8001
-0.417001
-1.10897
-2.12476
1.4216
-0.763881
1.20139
-0.937618
0.385313
-1.37361
1.28485
1.3838
0.658542
0.476737
-0.368897
-0.805735
-0.283281
-0.9048
-0.838171
2.97448
1.79883
1.01633
-1.64158
-0.00651584
-0.0735988
-2.14965
1.70517
0.788139
1.15074
-0.432851
0.860993
3.46317
-1.42687
1.47537
-1.75682
0.0959954
0.479838
-0.607636
-0.61584
0.165633
-0.736498
1.26817
-0.394462
1.17948
0.0970829
-0.011801
0.532566
-0.548015
-2.63546
-2.15843
1.82976
2.32106
0.848075
1.77351
-0.75596
2.17143
0.366813
2.12204
1.34181
2.59922
-1.35092
1.6204
0.382502
-0.789298
0.919958
-1.25251
-0.576574
3.05423
-0.553072
-0.926043
1.29137
1.43651
-0.112499
-0.0514897
-0.936949
2.13163
3.52394
-0.269262
-2.37396
-0.848884
-0.393499
0.460431
2.93118
-1.57152
0.644043
0.615483
2.03292
0.160208
1.03158
-0.703972
2.33657
-0.783405
-1.31993
-1.09715
3.42069
-0.436157
-0.556956
-0.041997
-3.03719
2.51262
1.38735
-0.946098
2.2798
0.410929
2.56134
-1.51148
2.92602
1.56017
2.38291
-0.621472
1.02698
-0.387137
-1.16745
-0.340506
2.37635
0.622914
0.189175
0.226883
2.20726
3.0675
1.58507
1.82651
-1.41501
3.29249
1.21931
1.10781
-2.48342
3.26851
0.0714634
2.37014
1.39114
0.946569
1.18754
3.97812
-1.96246
0.900082
3.83967
0.320878
-2.66131
-1.55984
1.16921
2.66212
-1.79672
3.03871
1.65168
1.34162
2.34469
-1.19774
0.194771
2.94509
0.779362
1.44083
1.38388
3.69495
-0.172028
1.98177
2.77941
-0.328935
-0.0827924
0.27428
-1.64558
0.793342
-1.5624
2.43312
1.03171
0.903587
3.13489
-4.21068
-0.691186
0.32991
1.09875
-0.32525
2.71166
-0.0289772
1.98969
0.900274
1.12179
2.13128
2.17917
-0.0440173
-1.59033
-0.303778
-0.191815
-1.98506
3.25597
-0.157331
-0.0522529
-0.229991
-1.53559
-1.38521
-0.584095
-0.568751
1.01158
-0.484907
-0.122628
2.66822
-0.926858
0.22219
-2.07885
1.32508
1.11657
-0.210998
0.0748635
0.0905447
1.0933
1.2947
1.04195
0.125511
1.07906
0.0720315
-1.52938
-0.356635
0.905892
-0.0985555
0.0801139
3.2168
3.39053
1.7598
-0.340219
0.642107
-0.347405
-0.643932
-0.26648
-0.249739
1.25339
-0.399776
0.430264
1.11307
-1.99814
3.62986
1.88065
-0.410555
0.120227
0.437258
-0.60771
2.66722
-0.991312
-0.139492
1.52005
-0.349186
0.665469
0.900202
0.6539
-0.2269
1.8465
0.290354
-0.793463
1.08964
0.799016
1.07457
-1.95151
-0.257442
-2.35207
3.1771
0.0595585
0.440588
-1.44929
4.51677
1.39668
1.85774
-1.06755
-0.519668
0.500236
-1.80163
1.82653
1.66287
0.258796
2.22943
-1.24494
-1.26606
-2.26522
3.02308
1.45135
-0.476586
-2.12095
1.0723
-1.67135
0.414754
1.84508
-1.07829
2.04079
-0.76706
-0.517998
-0.3884
-0.068628
0.982491
2.02878
0.789159
-1.80238
-0.333919
2.18112
-0.0942776
0.554536
1.11265
0.912272
0.867598
-0.385942
0.732178
-0.484598
1.32354
0.983303
3.29116
-0.0324039
-2.39572
-0.565502
1.07043
0.591943
3.12364
1.38823
0.318754
1.37852
0.178078
0.953213
1.26123
0.195285
1.80015
0.874659
1.38592
1.70712
-0.533288
1.50608
4.42249
0.537454
3.58637
0.191764
-0.690102
0.267177
1.30039
-0.479326
-1.38281
0.915832
1.45005
1.44714
-3.07461
-0.784096
-1.99046
-2.43617
0.945152
0.586079
0.682642
1.57911
2.76503
0.273545
-0.965239
-1.0269
-1.18215
0.996146
0.903028
-4.19853
1.9917
-0.537542
2.23242
-0.81223
-0.331874
1.23456
1.16051
0.697994
1.14241
-0.148836
0.846205
-0.871297
2.81533
0.905879
-0.706703
0.0580331
0.984474
0.0581108
1.85078
2.65443
0.97027
1.72742
-0.721288
-0.396658
-2.44047
0.362277
2.85596
-0.426914
2.08099
3.16558
-3.04284
1.6488
0.284495
1.24142
2.29303
0.71338
2.47263
-1.88826
-0.299359
-0.390255
1.89505
-0.628504
1.88332
1.46224
1.43626
-0.60937
-2.70244
3.3244
1.85401
-0.795504
1.19909
1.10415
1.77124
2.32057
1.04254
-0.861535
0.749478
1.08551
-0.706136
3.35466
1.54603
-1.68421
-1.11986
2.10785
-3.90446
1.32455
-1.05263
-0.325677
1.14296
-0.171042
2.01774
2.7304
-0.971297
-0.868817
1.37266
0.285505
1.29761
-2.03619
3.32333
1.32963
1.81388
-1.10631
2.15235
2.07589
-1.45052
2.51024
2.49524
3.51604
1.02076
1.43854
-2.03361
1.58527
-0.323217
-0.468884
0.337563
2.83855
-0.240401
2.2086
2.61556
-0.453365
0.377533
-1.34436
1.83325
2.57811
1.23338
0.314025
2.32394
-1.25715
-2.20888
1.07643
0.422358
0.331
1.63467
3.79648
1.88546
-0.835031
0.386278
3.94061
-0.852143
-0.572817
1.57862
0.49386
-0.566576
-2.06309
0.715859
0.47727
-0.321868
-2.03747
-0.21233
-0.219446
0.959744
-0.910349
1.01088
-1.18203
-0.824902
3.51712
0.127732
-0.0239226
1.38185
1.27403
0.260894
-0.455956
1.79839
-0.788332
0.930564
-1.33515
-1.94171
-0.796864
0.834114
-0.451692
-0.527779
0.517132
-0.380076
3.50857
0.885373
0.288267
-3.15332
2.57596
1.81684
1.87319
-0.176292
-1.0924
3.12932
-1.10344
2.79501
1.2497
-1.74849
-0.645135
-0.144701
-1.17976
1.48095
0.291221
1.52476
0.229284
1.67742
1.38948
0.585837
0.737937
0.605395
2.73046
-0.702339
1.32729
3.07382
0.624708
-0.361179
1.82305
-0.327206
-1.60512
-0.652966
0.6867
-0.00246629
0.0122551
-1.68351
-1.73413
-0.980797
0.493634
0.381034
1.2626
0.558168
-1.11922
-1.58257
0.0192803
0.217823
-0.0104862
0.783451
-0.359234
-0.254888
1.20924
1.72651
0.741356
-0.184073
2.81832
1.84203
-2.15811
4.12852
1.31064
0.864695
1.88114
1.51146
-0.58725
2.47619
-0.2354
1.41334
-0.626947
1.24268
-0.199581
2.31996
1.82701
-0.908274
1.83454
0.996954
0.0640475
2.08107
3.63996
0.1417
0.437718
-0.421342
0.69522
-1.92564
0.119052
-1.26716
-0.143742
0.383141
1.7025
1.49551
-0.967715
2.14112
2.47853
-0.282422
-0.332637
0.322097
0.568991
-0.147104
0.939815
0.987291
-0.104397
3.0158
-0.104931
-1.86734
3.10552
-0.252452
-0.708936
0.293333
-0.817243
-0.09744
-0.775056
4.2603
-2.59739
-0.40294
-1.11461
-2.64684
3.28189
0.347599
-1.08698
2.05452
1.98776
0.190559
1.53883
-1.0217
1.65109
-0.156502
-0.825457
2.85996
-0.526892
0.851904
1.33162
-1.16846
-0.833343
2.88821
4.79205
-0.713094
1.88734
2.57634
-1.11962
0.758213
-0.741374
5.46774
2.09688
1.87082
-0.426524
-0.45463
0.317406
-0.405274
1.95476
-0.458895
2.53381
0.576722
-1.37794
0.945892
0.786958
1.20077
0.563308
3.87798
-2.66647
-2.21954
1.6374
-1.0878
2.03203
2.52385
-1.95985
2.03551
0.547073
1.33415
0.0839758
3.28979
-0.291586
-2.97834
-0.794561
1.85689
0.541382
-2.24385
4.46963
-0.778885
1.15159
0.128821
0.093553
2.98025
0.402454
-1.23062
1.09896
1.39128
0.816521
-2.65556
2.61908
0.839532
1.67736
0.181512
-3.22573
0.335246
2.07555
0.383903
-0.0263256
2.23424
3.16788
2.84769
1.18345
1.67259
1.73427
-0.97011
1.25322
0.785032
-0.256239
0.516055
1.04415
1.17458
0.686816
-1.05595
-0.551662
0.207694
2.0724
0.658152
0.751159
0.407145
-0.300798
0.0851607
0.319371
0.0420949
-1.05688
2.64561
3.68676
-2.48143
-0.260218
3.47791
3.76445
2.0104
2.35927
-0.450118
-2.715
-0.412755
-0.0262015
-2.78354
-0.126341
0.794635
3.18314
-0.580259
2.2088
-1.13059
0.86593
0.557427
-1.26195
-0.634861
-0.0166486
0.283564
-0.998591
0.311607
-1.69693
-0.178364
2.42326
-0.673206
2.3122
0.92756
1.05458
-0.689082
-1.98273
1.53431
-0.275915
1.12978
0.436709
2.08246
2.36075
-0.851717
-0.0165588
0.420556
3.79565
3.50268
-0.797703
-0.0389204
-1.84943
-3.06781
2.75711
-0.813162
3.49135
0.0729518
0.527357
0.92975
2.52508
0.0432134
-0.3634
0.46617
0.819098
-0.400571
-2.36346
-0.310366
0.832481
1.96231
1.36482
0.856505
-2.83309
1.96985
1.27029
0.572275
-1.26463
-1.68639
3.16171
-0.746863
-0.300325
0.258854
0.538617
-0.342488
0.318593
-1.26904
1.30952
0.393067
0.341108
-1.73506
-1.06106
1.18944
0.910555
0.213148
3.18367
2.44896
2.30062
-0.953554
0.478018
0.181141
0.516375
1.0153
2.66697
-1.31107
-2.66337
0.879625
0.917193
2.16182
-0.186947
0.717584
-0.507074
-1.2432
0.142007
-0.308439
0.92665
1.21454
0.585289
1.48873
-0.48893
-0.208889
0.586764
0.188726
0.62554
-1.13869
-0.41869
-2.33138
-2.13912
0.565884
1.04772
-0.395839
-0.656974
-0.20654
0.845188
2.85453
1.72515
-0.554291
2.67684
1.01144
1.368
-0.190188
0.0903106
-0.856971
-0.182446
-1.21007
-2.50164
1.25949
0.725727
3.21743
0.346452
0.562518
0.520834
1.08164
0.652336
-1.17522
-2.19358
-0.472442
0.388267
0.417062
-0.53949
-0.578482
-2.13667
-1.19039
-0.908159
1.58469
2.56745
0.501708
0.349088
1.24568
