2.34441
-0.252664
-1.34906
-2.7784
-0.33508
1.46856
2.2985
-1.44902
0.542788
1.80911
1.02677
-1.25269
3.82827
0.117615
0.00617877
0.783178
1.22227
1.80476
-2.15105
-2.83215
2.60033
1.78221
1.93453
0.785938
1.78148
0.176522
-2.14615
0.169207
1.24928
1.64534
-1.06525
0.106005
2.62863
0.266238
0.518187
1.00219
2.12735
-1.14532
2.80916
0.0540533
-2.13365
2.03846
-1.6137
0.276757
0.300549
-1.17438
3.55208
1.67657
-1.39321
-0.64533
1.06619
1.92387
-0.922032
-2.09627
0.6631
-0.457296
3.94527
2.55987
-1.03544
3.025
-2.51621
0.370465
1.33852
0.16855
1.46597
-0.663613
0.820367
0.822036
2.21983
-1.86268
-0.149617
2.29908
4.13585
0.313174
-1.85523
2.56923
1.38143
3.34061
2.56972
-2.44006
-0.897072
0.805219
-1.69459
-2.20475
0.978226
-1.06989
-1.53936
-1.71463
-2.30071
1.52553
-0.165586
-0.211611
0.920469
0.60696
-0.740228
-0.923832
0.97943
-0.517531
0.76365
-1.31386
-0.896618
0.797743
1.16845
0.56968
0.64982
-1.1967
1.39684
-0.898003
0.237494
3.03543
-0.752564
1.45748
2.05804
0.210174
-2.71031
-2.51079
-0.640505
1.05661
1.18461
1.58819
1.33239
2.6418
1.30199
-0.27066
3.20918
-0.694384
-0.292386
-0.71241
2.64159
0.670671
-1.44934
2.20017
-0.100126
-1.91697
1.06534
0.262069
2.28832
2.47918
0.624855
2.08604
-1.37838
0.187297
0.0963373
-0.253234
-0.636508
0.967862
1.67707
1.10452
0.732309
1.96816
-1.92896
0.181881
1.36107
3.48542
3.16759
2.76203
1.31951
0.522904
-0.26687
-0.791897
3.61886
-2.39742
-0.270738
1.93226
0.326208
3.29739
-0.254591
-3.02675
-0.741508
-0.486253
1.98737
0.566596
0.378835
-0.104964
2.14221
-0.848958
-0.263983
-0.522858
-0.512087
1.29296
-0.812591
-3.11371
3.75983
1.08986
-0.313685
0.243164
0.885461
-1.40681
1.183
-0.853721
1.44695
-2.91256
-2.59349
0.975097
-0.612535
0.24596
-0.335836
-0.98343
-0.708689
-0.259534
-1.41168
2.33884
-1.29206
-1.22099
0.693186
1.12245
-1.18807
0.289775
-1.24223
-1.49601
-1.50531
-0.843664
1.09697
2.33458
0.271125
-1.76558
1.32453
-1.02377
0.698728
-0.876808
0.833733
0.529876
-0.473462
1.25983
-1.5573
-0.539626
0.907739
0.440035
0.28381
1.87706
1.43371
0.779785
-2.032
-0.434054
1.05171
1.29146
0.910373
-0.164447
0.551879
1.69803
-2.07654
0.404178
2.84689
0.529067
2.03391
1.0238
0.491009
4.34237
1.93679
1.5613
1.0915
-0.2303
0.645022
0.715595
0.339943
-0.629913
2.82384
0.884369
1.5231
0.458301
-0.447297
1.25772
-0.407179
-0.723771
0.740554
-2.07444
0.0642026
1.81389
-2.79577
2.11131
1.11687
1.69661
2.66036
1.42933
1.93903
-0.708038
1.54477
-0.39987
0.804882
2.48778
3.35766
1.13396
2.05849
1.56282
-2.09901
-1.43942
0.428669
1.21634
1.36276
0.935737
-0.346245
1.86058
2.16594
1.41553
-1.32379
-0.613132
1.87106
-1.33466
0.685053
-0.958903
-0.334248
0.178787
1.92841
1.47601
-2.89458
2.17319
0.395029
1.05287
-0.767295
1.71785
-2.64787
2.07976
0.396389
-0.481313
1.19645
-0.974519
1.89236
0.43576
0.468105
0.0696531
-0.575753
-1.66098
-1.39835
-1.7544
0.161794
-0.743902
0.260096
0.232067
-1.31071
0.816297
0.524048
0.68077
-1.0642
-2.55233
3.71562
-0.152312
1.11427
0.183384
0.916165
0.196293
-0.117915
0.538329
0.727163
-0.58251
-0.258161
0.138937
1.14422
-0.21617
-0.892569
1.8819
2.29415
-2.33375
1.14521
1.43396
-0.767234
-0.962879
-0.223686
0.0187747
-0.359491
-0.245658
0.35227
-2.78652
-0.0815328
-0.912541
2.14669
-2.78841
3.13617
-2.58948
3.88462
2.55867
0.332173
3.21822
3.0755
1.74503
2.53135
-2.69991
0.564427
0.873237
1.03644
2.23903
-1.98252
-0.693652
0.573646
2.22659
-1.41564
-2.11707
-1.24127
2.02713
2.40197
1.08569
1.75259
4.48493
-0.549838
-0.674184
-1.91217
-0.466018
-1.02481
-0.172112
2.35839
-1.06055
2.00343
-0.279223
-0.213723
0.32058
4.80358
0.488892
0.197725
-0.697037
2.0609
0.160885
0.624984
-1.66618
1.17865
-0.323435
0.320794
-1.61123
-0.844559
0.426733
1.35398
1.49789
1.54045
-0.230499
-1.12635
0.341863
1.35227
1.40282
-0.69351
1.49978
-1.40681
1.86808
0.640163
3.76514
0.783515
1.82564
2.05564
1.57124
1.87509
-0.501373
-0.490729
1.45708
0.14184
-2.30374
1.06916
0.574191
0.239481
0.942523
0.199326
1.69086
1.16389
0.571453
1.79266
-0.629129
0.226525
0.482373
0.551158
2.76382
0.0622528
1.18781
1.47962
0.815657
1.49721
2.33461
-0.535733
1.80774
-2.02188
-0.499464
0.0522182
3.49041
0.854592
0.245634
0.0779058
-1.40645
2.4469
-0.367269
2.29618
-2.06219
0.854789
2.01657
-0.66413
1.51885
0.769693
0.807561
1.12522
1.14741
1.91804
1.83946
1.20675
1.11857
2.9936
0.0726311
1.80316
0.802625
2.77894
0.597382
0.31973
-0.952455
-1.9075
2.70387
3.02004
-0.520408
1.72356
1.1226
-0.604943
0.284446
2.96856
-0.744741
1.58523
2.5801
2.91539
-0.279528
1.39336
-0.301755
1.8004
1.69206
2.15133
-1.71474
-0.314373
-1.54257
-1.99686
0.062401
-0.228457
0.716414
0.0444264
2.35098
0.160224
2.29422
0.618146
0.0457475
-2.01539
2.50006
0.98834
-0.555011
-0.423881
-0.475301
0.709576
-0.174526
2.23957
1.6092
-1.26634
1.91069
-2.85495
3.31348
-2.11817
-0.841624
-0.245393
1.4721
0.669612
2.3561
2.27195
2.04973
1.83569
1.45433
-0.0876405
1.23397
1.36796
-0.594585
-0.350453
1.51312
-1.21809
-0.364816
1.96814
3.86679
-1.1244
-0.716797
2.60089
-0.273496
-0.922664
1.89745
-0.793427
1.53007
0.846391
0.603954
-1.06133
0.81371
-1.64489
1.98982
1.16902
-0.410324
0.427781
2.43557
0.44199
-0.392561
-1.49584
-1.50713
1.85115
1.32932
-1.11756
-0.919382
1.17132
-0.355774
-1.73039
-1.32888
0.603514
1.21015
0.403579
-0.255341
-1.36668
-0.0117496
0.286414
-1.29324
1.5763
0.666653
-1.68141
-1.16484
2.0349
0.720559
-0.669131
4.30599
-1.13849
1.09816
0.220079
-0.417977
-2.18065
1.97497
-3.05057
-1.85304
0.601502
-0.243936
3.09214
1.01684
-0.90275
2.01669
-1.86212
1.1203
-0.494147
1.0022
-0.88073
-0.134564
-1.22365
0.551954
-1.69826
0.636003
3.45623
0.624721
2.27014
-1.55323
0.288828
-0.510505
-1.86251
3.54944
0.534915
3.42861
2.64993
-0.979154
1.7135
1.82369
0.590473
2.39339
-3.27486
4.55469
2.36937
3.80332
-0.187014
1.1967
3.22256
-1.24059
0.0908271
-0.844862
2.9697
1.6312
1.56092
1.08581
-1.17851
1.63659
-0.400168
-2.02318
1.23634
-0.28596
0.585385
0.241528
1.45097
-3.92545
1.70893
-1.94767
-0.515822
-0.365008
1.71562
0.538188
1.5903
2.53903
0.284989
2.29695
1.12784
-0.453822
-0.0776402
2.61959
2.51877
-0.805093
2.25697
0.737272
1.27711
2.32221
1.86494
4.29773
3.47036
0.345154
-1.20605
1.65001
-0.262452
-1.99539
-0.308924
1.38213
1.82978
1.73417
0.104656
0.402268
2.44572
1.72106
-2.03022
1.76488
-2.4264
1.16162
1.03475
1.8076
-0.517183
-1.56103
0.103707
0.354728
1.61015
1.04762
0.285035
0.511015
0.196376
3.09288
2.24773
1.13398
-0.729535
-0.386889
-0.292483
1.41229
1.21159
2.04818
1.42273
1.39897
-0.994043
1.38815
0.572421
1.00188
-0.240907
-0.695012
-0.146567
1.7581
-0.402156
-1.54955
0.976023
1.71189
3.20534
0.92236
-1.41012
-1.13618
0.488873
0.162692
-0.584119
-0.573969
0.42328
3.42364
0.88155
0.173268
1.04452
-1.42714
-1.46845
-1.11569
0.0351788
-1.0218
-2.73158
0.709222
2.40544
-0.64819
1.93935
0.659836
-0.353041
-0.556209
-0.492183
1.84377
-0.110411
1.60159
0.963391
-1.49967
1.58367
0.200181
1.44931
-0.358701
-1.26563
-0.917889
2.50843
-1.33263
-2.52037
0.770978
1.6725
0.543411
0.435589
0.803754
1.60411
0.609984
0.934762
-1.33018
-0.786014
-0.140299
2.01256
-1.1747
0.780791
-2.02321
0.959659
0.12471
0.759152
-0.215352
1.9773
-0.79997
1.35693
2.25808
0.0943579
3.80603
-1.20592
-0.270807
-0.162922
-2.31229
2.95202
2.09273
2.99143
-1.92297
-1.98294
2.16185
1.92539
0.556483
1.0416
0.436377
1.26743
0.389528
0.148705
-1.0591
0.157407
-0.0381432
-0.775758
0.862367
-0.970396
2.27776
1.85079
-2.08945
0.522453
2.44012
-0.125173
1.01074
2.26433
-0.420485
0.0943238
0.24197
2.00265
0.0942337
-2.75357
-0.774257
-1.04442
1.23784
2.74446
3.22521
0.579607
-2.16042
0.327179
-2.03654
-0.974727
2.78006
0.71434
1.67675
0.676028
2.25627
-0.147693
2.19195
3.1251
-0.354582
-2.1144
2.71671
-0.676314
1.04178
0.204317
0.0526956
1.79061
0.982001
1.0453
2.65353
2.6271
1.02197
-0.652659
0.882394
-1.25766
1.03847
0.714013
-0.64757
-1.7691
-0.370673
1.65346
-0.335242
1.3331
-3.4732
-1.51379
1.50767
4.27996
-0.0581502
-0.072128
2.47664
2.45605
-0.312824
-0.285844
0.217148
3.06504
2.89853
-0.397355
1.68566
-1.09157
1.30801
0.955071
-0.0248844
1.64819
-0.23852
3.47582
1.4479
1.06648
-1.66877
0.412841
0.421031
2.96129
0.578616
-0.855974
0.086308
0.678911
3.5206
0.085218
3.42602
2.08736
2.10943
-0.947021
1.20563
-0.340487
1.75756
-0.826741
-0.0597012
0.908416
1.5046
-0.340199
-0.132238
-0.834775
-1.07884
0.0188954
0.269647
-0.653743
2.0884
0.783424
2.0214
0.603002
1.61344
1.78105
3.51006
-1.24955
1.53197
2.59021
-1.04636
0.191103
-1.32213
-1.41792
-1.63619
1.02721
1.19486
1.28394
-0.430952
-1.53624
-0.295344
2.753
-1.64078
1.42468
0.726497
-0.994289
0.418164
0.220079
5.307
-0.670132
-0.375426
-0.807134
1.05068
-0.312057
-0.338764
-0.760219
2.60691
-1.63442
0.539166
1.6604
2.3038
0.368773
-2.7058
0.877633
1.57147
0.373579
-1.21968
0.488693
-0.819108
0.0777431
-1.19866
1.15779
2.67127
1.90397
1.65351
0.973138
0.919917
