-0.897783
-0.102155
-2.73212
1.9803
1.92895
-1.49155
-1.93397
0.0566702
0.848922
0.856844
1.71053
-1.16599
0.115983
-1.74608
-1.48633
0.0770366
-0.54864
-0.0306463
1.99938
-0.446119
-2.67733
1.17552
-1.02778
-0.63404
1.51807
1.67775
-0.668245
-2.99349
0.455552
0.143549
1.80913
-0.484113
-2.70819
1.55414
-1.54246
-1.62141
-2.98832
-2.54127
1.51126
-1.4693
-0.415213
-0.765936
-1.1674
1.50541
-0.307545
-0.169361
-1.51612
-0.901754
-1.37083
-2.87615
-1.14045
-2.49784
0.88799
1.91983
-2.76407
-0.0815885
0.424954
0.862981
-2.16036
-2.70246
0.71918
-0.664137
1.01889
0.572971
1.8023
0.297569
0.350127
1.8403
-1.18559
0.171156
-0.773351
-1.92989
-2.24637
-2.07313
0.698637
1.65765
1.74223
1.06981
-2.22784
-0.596242
1.69605
1.0669
-0.55816
-2.00843
-2.75859
-0.00335231
-2.87504
-2.69785
1.86239
-1.12794
-1.67677
-0.477131
-2.77813
1.57973
-2.40953
-0.381398
0.0621847
-0.873923
-2.45653
-1.66649
1.01815
-2.6943
-1.86196
-1.09797
-0.324942
-0.0986241
0.26491
1.51971
1.7946
-2.64705
0.438608
-0.104372
-1.65147
1.93056
-1.42594
1.08106
-0.913964
-1.10119
0.456362
-2.33222
-2.98983
-0.0191242
-1.9884
-2.47344
0.229008
1.76737
-1.23184
-2.83822
-1.79502
-0.85426
0.412482
-2.12096
1.95886
-1.61452
-1.89681
-2.6938
1.16971
-0.162586
0.436729
0.0956106
-1.0047
0.589195
0.598734
0.497387
-1.47892
0.208517
-2.01674
1.98577
-1.24063
-2.21942
0.922847
-0.0660317
-1.65219
1.76866
-2.40824
-2.22378
-1.79755
-1.20685
1.75137
-0.426662
-0.651514
-2.99997
-1.70251
-1.16222
-1.59535
1.36191
-0.829379
-1.61617
1.58247
-0.980226
1.31496
-0.421058
1.13129
-2.26778
-0.936477
1.27266
-2.28074
1.35142
-1.69411
-2.33298
0.0546868
-0.110471
-2.42126
-2.91628
1.67956
-2.31884
1.79424
-0.0848973
1.66608
-1.51945
1.30036
-2.87817
1.81148
-0.112079
-0.719942
-0.179435
-1.32807
-2.31589
0.648354
1.76796
-0.257591
-1.93191
1.53628
-2.06433
-0.0734361
-0.59869
1.65042
-2.85382
-0.214688
0.921919
1.50917
-2.89161
0.236845
-1.87669
-1.3625
0.817746
-2.42383
-0.250264
-1.33779
-2.49161
-2.02674
-2.31337
1.86032
-1.7187
-0.360636
0.526099
-2.93995
-2.32325
-2.08399
-1.17015
-2.45204
-0.423334
1.90584
-2.66963
-0.60215
-1.18685
-1.36578
-1.83932
-1.26825
1.35263
0.856595
1.54281
0.650755
-0.57487
-0.518929
1.7935
1.15892
0.138535
1.06002
-1.2697
-0.771155
-2.87045
-0.362898
0.0646313
-1.16418
1.74595
0.0573382
-1.6356
-0.492717
-2.13897
-1.17685
-1.57759
-2.14269
-2.30058
-1.23307
-2.8417
-0.536102
1.33171
-2.80595
-2.20818
0.0740754
-0.281421
-0.386734
-2.99014
-1.08944
0.185323
1.0822
1.68252
0.537261
-0.487795
0.649761
-2.24884
-2.01554
-1.97954
-2.35981
0.143966
1.49072
-1.80105
1.11806
-2.46343
-1.61676
-1.84334
0.423288
-0.395556
0.00206222
-0.73556
-2.82496
-1.08871
-2.28872
1.46333
0.0346536
-2.65843
1.97397
-0.741121
-2.199
-0.0255093
-2.29329
0.416283
-2.16365
-1.84736
1.03468
1.59301
0.152844
-2.85077
-1.47054
-2.45481
0.00387721
-0.646442
0.053653
-2.96047
-1.41403
1.66437
-1.95662
1.63583
-0.523277
1.37552
-0.536401
1.73586
-1.55818
-2.54324
-0.354404
-1.50447
-2.00455
-1.71169
-1.83566
-1.55249
1.25079
-0.253412
0.44997
1.84221
-0.165705
1.29058
-2.90187
-2.00824
0.0525992
1.30898
-2.9807
1.32952
-1.75651
1.13912
-2.80585
-0.576066
-1.59357
-1.87636
-0.406856
1.50939
-2.46175
-1.15791
-2.24461
-1.75623
-1.69752
-2.96554
1.30638
-0.75346
-0.826432
1.3328
0.447976
1.45161
1.34925
-2.09222
-1.90424
-0.467516
-2.16824
-2.31177
1.87729
1.53693
-0.402884
-2.03995
-1.8213
-0.892488
-1.64426
0.45083
-0.895522
-1.05178
1.06428
-0.0254996
-2.52899
-0.232157
1.26813
-1.82842
0.162786
-1.87151
0.079513
-2.65121
-2.43152
-0.835882
-0.886998
-0.844654
1.89409
-0.846231
1.95461
-0.87237
1.0851
-0.169016
0.210271
-0.624212
0.770454
-1.64827
0.789336
-2.02629
-1.44629
-2.97255
0.0965341
-1.843
1.86114
0.349062
1.05373
0.264773
0.911447
-2.85939
-1.33626
0.456148
-0.628541
1.69185
0.211948
0.297929
-0.775621
-2.86843
-2.16371
-2.4888
-0.425944
-0.692833
-2.22929
-1.29463
-2.45135
-2.28309
0.0111583
-0.560544
0.891095
-2.27253
-2.68213
-2.24183
1.22039
0.015296
-0.560725
-1.10029
0.216388
-0.779935
1.56286
0.401399
-0.360875
1.17472
-2.0152
-1.4891
0.654529
-2.34027
-1.73984
-2.84853
0.258938
1.61945
-0.205465
-0.672219
1.07049
-2.79397
-0.571323
-2.12573
-0.0300638
-1.81978
1.94073
0.823837
0.500876
-1.75773
-1.08168
0.830822
-2.9044
-2.81326
-2.65757
-0.954646
-0.322188
-0.965116
1.48285
1.96973
-1.79603
-0.90658
-0.347721
-0.56856
-2.70664
-0.280498
0.228277
0.592703
-1.192
1.12893
-2.94494
-1.42698
0.536979
-2.08389
-2.44994
-2.00218
-0.337186
-1.86846
-2.23398
1.5776
-0.446479
-2.767
0.0392772
1.88558
-1.87066
-0.685891
-2.70726
1.54255
1.8238
-0.362276
0.64756
-0.0325116
-1.48284
0.912237
0.284396
-0.255761
1.15704
-2.08204
-2.80656
-0.0400307
0.745252
-0.23099
-0.788927
1.8187
-2.86598
0.166175
-0.161247
-1.40877
0.90126
1.7023
-2.52966
-1.77148
1.82536
-1.27492
-0.91629
1.56746
0.203733
1.34059
1.50296
-1.15189
-1.43505
-0.632403
-1.89195
-2.90047
-2.97178
-2.23905
0.229299
-0.521705
-1.12985
-0.223221
1.91683
-0.147627
-0.736219
-0.856817
-0.962818
1.02002
-1.06375
1.10363
-1.48904
-1.549
1.24679
-0.302822
-0.100056
0.0990342
-1.32553
1.31766
1.97729
1.35194
-0.22153
0.322528
-0.512512
-1.62973
-2.20865
1.63944
0.912505
1.89432
-0.253134
-2.55329
-1.33108
-1.84466
-1.33011
0.777109
-0.804384
-2.53299
-0.123593
-1.26746
-2.92754
1.33152
-1.42979
0.402782
-0.221337
-1.1866
1.62031
-2.33436
1.93994
-2.50248
0.364973
-2.87482
0.604649
0.76658
-2.45039
-2.39892
-0.441361
-0.515751
-2.00625
-0.303257
0.923442
-0.526299
-1.59748
-1.00532
0.789257
-2.96296
0.751861
-0.528389
1.63878
1.29289
0.332451
-0.692702
-0.784576
-0.847174
1.5481
1.72513
-0.240045
-2.06618
1.6487
-2.60485
1.62443
-1.13921
-1.70624
0.894637
-2.5982
1.35121
-2.80791
-2.96331
-2.63673
1.77517
-1.65849
-2.52012
0.0415949
0.862448
-2.62904
0.0549735
-0.729467
-0.454512
-2.91513
-2.0279
-0.830313
-0.9901
-0.838551
0.460154
0.481299
0.233229
-2.44926
-0.125467
-0.235996
-1.16408
-0.588476
0.12993
1.52127
-1.52515
-2.13905
-1.7638
-1.13421
-2.94866
-2.51227
1.056
1.68434
-2.12998
-0.767627
0.81161
-2.15024
-2.83133
-1.05462
1.81473
1.93967
0.950473
-0.363113
-1.27718
-2.73542
-0.292245
-1.76926
1.49695
-1.67629
-2.01363
-0.67606
1.87894
1.80557
-0.753031
0.134306
-0.709507
0.197851
-1.71494
-1.23288
-2.90722
-1.14276
-2.28549
-2.33843
1.51517
-2.4766
1.56879
0.153458
-0.573618
-0.160868
1.24176
-1.69775
-2.79022
1.33892
-0.748029
-0.00675752
-2.99323
0.767922
-2.67592
-1.16475
-0.541232
-2.3093
-1.52238
-0.437244
1.29137
0.657912
-0.476347
0.681424
-1.64284
0.875728
1.06641
-1.96
-2.95935
1.10865
-0.932455
-1.89789
-2.96695
-2.8182
1.36269
0.697647
0.706696
-1.75418
0.422804
0.53913
-2.11558
-1.23272
-0.378056
1.79703
0.720366
0.510341
-2.90492
-0.939761
1.45103
1.36395
1.33101
-1.33288
0.497955
-0.976014
1.23944
1.27502
-0.215265
1.23544
0.0465943
-0.945849
-0.588865
-0.993518
-0.998585
-2.50334
1.83998
-2.37481
-0.0644845
0.59447
-0.42268
-1.37534
-2.74951
-1.56165
-0.791475
0.531389
-2.99006
-0.873064
-0.86583
-2.70173
-1.79317
0.307973
-0.892837
0.0554507
-1.19438
-0.589003
0.987951
-0.719147
1.71684
-0.627902
0.977237
-2.56978
1.21417
-2.43271
-0.619898
-1.92215
1.22266
-0.857928
0.993222
-2.61257
-1.44685
0.180503
-0.141329
-2.93393
-0.831838
1.42987
0.953511
-0.186363
-1.87832
1.33477
-0.227677
1.11002
0.872377
-0.87249
-0.502795
-1.84246
1.63045
-2.445
0.0437412
1.07629
0.87393
1.13936
-2.62113
0.803664
-0.30283
-2.40537
-0.192205
1.8916
0.287245
1.42845
-2.48124
0.200773
-1.89474
1.0802
-1.66153
0.43322
-2.27775
-0.155051
-0.801831
-2.2853
0.994155
0.721199
-2.59293
-2.26918
-0.228458
-2.60287
0.846437
-0.105082
1.77008
-0.967152
-2.76469
-0.0402609
0.667117
1.55369
-2.11508
0.0658304
-2.3916
1.34655
0.907931
-1.68599
-2.31999
-0.940711
0.958072
-2.9552
-0.916196
1.12453
1.78079
0.240552
-0.451236
-1.36456
-1.09774
-0.578546
1.79051
0.0729178
0.421859
0.898018
-0.871502
0.324181
-1.95793
1.85261
1.57909
-0.249662
-2.53339
-0.725523
-2.24658
-1.14993
-2.73856
0.324097
-1.61493
-0.0130392
-2.29606
0.892595
1.10063
1.50426
0.810873
1.07351
0.48452
-2.03123
0.940284
-2.07294
1.92553
1.35613
0.746656
-1.52218
0.176123
-1.47096
0.900459
-0.905661
1.2736
-0.170969
0.106234
1.89228
-1.6614
1.91313
-0.940875
0.148631
-2.99211
-1.9547
0.149431
-1.2088
-0.153932
-2.68352
0.725601
-0.481769
0.598598
-0.610391
-0.67355
-1.82883
-0.93034
-0.49201
-0.840326
-1.63773
-0.286944
0.943519
-0.521321
-2.75899
0.858785
-1.55785
-0.370355
-2.32833
1.56114
0.418453
1.60165
1.59546
-0.135719
1.62336
1.96433
0.334474
-2.18291
1.15311
1.55347
-1.05478
0.863707
-1.29849
-1.36652
-0.821131
0.798652
0.201474
-1.38323
-2.75002
-1.9429
-0.452453
-0.143808
-2.56316
1.74876
-2.35082
1.01794
-0.739131
-2.36226
-0.324193
1.23379
1.04714
-0.718991
-1.07521
1.06665
-1.95775
-2.06309
-0.808887
-2.08959
0.752871
-1.86703
0.56794
-2.83857
-0.435537
-1.30361
-1.48173
-0.71834
1.4994
1.32124
-2.16817
-1.58128
1.15693
1.44058
-0.841694
-1.58177
0.826744
1.50472
-1.31422
1.05362
-2.4469
-1.81575
-2.18301
0.700769
-0.353469
1.05926
-0.0722177
-1.76336
1.96822
0.250831
-1.18192
0.132898
-0.782047
-2.40875
-0.762541
-1.32327
0.410955
-1.29165
0.322168
-2.32773
1.92773
-0.674349
1.57746
-0.957752
-0.0590882
-0.805
-0.286136
-2.58227
1.18659
-1.90601
-1.63555
0.940872
1.00679
1.8287
0.982429
-2.03696
-0.211058
0.650014
0.466582
-1.80266
1.92945
1.76425
-2.14772
-2.10106
-1.59555
1.33092
1.6462
-1.08141
-1.66041
0.981458
1.32778
-1.63114
-1.90064
-2.57501
-2.2079
1.51591
-2.0261
-1.06859
-2.76848
0.73083
1.04234
-1.07047
0.413894
-2.26985
-1.36468
0.891577
1.33932
1.66079
-1.53899
-0.0955947
1.61486
-1.68498
0.861199
1.55541
-2.70495
-0.685049
-1.10236
-1.94783
-0.00580628
1.0407
-0.208838
-1.87404
-2.825
1.19373
-0.232407
1.417
-1.30469
-0.764053
0.960121
1.38356
1.44335
1.54164
-2.15903
-0.330476
0.00585728
-1.65833
0.967256
-0.466262
-0.152734
0.829374
-0.324874
0.817807
0.846015
1.16452
-0.738858
1.3412
-0.164496
0.491929
1.59037
0.89444
0.0117038
-2.11853
0.853086
-1.30726
1.4136
-1.61047
1.81804
-1.69719
-0.169673
-1.06616
-0.239604
1.97615
-0.265348
-1.3736
-0.785798
-2.32959
0.0435078
1.94764
1.98245
1.31566
-0.486646
-1.70212
1.72211
1.30414
0.619533
-0.623443
0.420661
0.867022
-2.30016
1.61238
-1.91642
0.977887
-1.23667
-0.871187
-2.3262
-2.5767
-1.85865
-1.49473
-1.52985
0.645029
-1.48334
-0.99126
-1.63738
-2.86077
1.74341
1.95551
0.348523
1.30984
-0.772564
-2.12271
1.92924
-0.365449
0.491113
-1.00493
0.126398
0.968387
-1.50569
1.71995
-2.23112
-0.511653
-2.52256
-2.22089
-0.758837
-0.325241
-2.97171
1.84922
-1.81096
0.365184
0.893377
-2.5457
-1.35495
-2.52009
-2.11106
1.68205
1.44174
1.09578
-0.293647
-0.025191
-2.81143
1.14216
-0.464942
1.12985
-2.7196
1.57936
1.49423
1.52505
0.800496
-0.311518
-1.28164
0.529339
-2.66767
-2.68236
-1.9392
-0.666657
0.0640789
-2.44936
-0.406175
-0.265934
0.0138787
1.74889
-0.404817
-2.22489
-2.58094
0.841239
-1.50223
-2.77762
1.9721
-1.11041
-2.53576
0.625129
-2.11199
1.41599
1.93494
-0.635309
-0.781229
-2.5627
1.16077
-1.55775
-1.66031
-2.63112
0.352504
-1.13484
1.89025
-0.0680444
1.54105
-1.9636
1.69658
-1.75306
0.340386
0.745672
1.99969
1.2983
-2.0187
-1.58176
0.156627
-0.495219
-0.746522
-0.0590616
-1.4177
1.25961
-2.37363
1.21066
-2.46462
1.57939
0.689024
0.163867
-1.37023
-0.128344
-2.25074
1.07141
0.163685
-0.683209
-1.15608
0.507723
-1.80163
0.285343
-1.24816
1.24542
0.920633
-0.141951
-0.461751
-1.51836
0.242198
-0.61846
-0.622542
0.525062
-0.302208
-0.762346
-1.4501
-2.4514
-0.951228
-2.53933
-1.48404
-2.1095
1.74725
-1.62062
0.424259
-1.8572
-1.20663
-0.957401
0.0305476
0.25467
-2.68891
-1.80244
0.710272
-1.71766
-0.391893
1.36488
1.96359
-2.88662
-0.384906
-1.10581
0.369677
1.45253
-0.90189
-0.42932
-0.859239
-0.744949
1.00672
-0.0212935
-2.57374
1.41396
-1.65995
-0.459874
-2.36035
-2.65168
0.925391
0.849936
-0.463477
-1.778
-0.714361
-0.516877
-2.28351
0.20795
1.15593
1.29776
-2.36651
1.54475
0.71698
1.73925
-2.7199
0.778919
-1.28077
0.545997
-0.972631
1.77451
-2.9167
1.5164
1.03984
-0.129963
0.120983
-2.12692
-0.14879
-0.56108
-0.421042
-2.98044
-2.57044
-1.98388
-0.56362
-0.0665967
-1.21218
-2.49559
-1.35408
0.298777
-2.76639
-2.92765
-0.517948
1.90184
-0.912208
-2.44502
1.29233
0.157159
0.578229
-0.367993
-1.29134
-1.87858
0.74981
0.644617
-1.7578
-0.854094
0.825992
-2.09558
-0.581259
0.808636
-1.72961
-0.39387
-1.40245
1.95104
-1.2505
-0.652806
0.164215
-0.18796
0.993218
-2.74193
-1.39655
-2.13253
-1.61467
-0.611131
1.52809
1.6933
-1.30633
-2.28674
-0.627736
-1.83592
-0.159007
-2.83535
-1.49463
-2.51432
0.440394
-1.04239
-1.85038
0.819836
-2.04192
-1.53574
0.0198725
-2.07435
-0.185578
1.97763
1.53883
-2.35779
0.23923
0.525497
0.919258
-0.0981433
1.78658
1.30306
-0.29471
0.0310526
-1.76635
0.375035
-0.324829
-2.778
1.05742
1.73853
0.0549568
-1.90587
1.06206
-0.573636
-1.25348
1.10719
1.30018
1.65968
-2.29373
-2.68748
-2.15146
0.894496
1.21841
-2.35676
0.653391
-0.398534
1.71297
1.8939
-0.0125123
-1.15062
1.28486
-2.13999
1.94969
1.45298
1.77267
-1.64464
-1.00374
-2.03681
0.750961
1.4906
-2.08718
-2.09082
1.81463
-1.16404
1.48024
-0.115499
-2.56488
-0.453148
-2.05775
-2.93701
1.26274
1.47527
0.0339239
-1.68629
-1.00534
1.18784
0.545347
-0.345169
0.791359
0.654304
1.95811
-2.48141
1.99637
-2.23005
-1.3489
-1.49478
-0.590514
-0.970531
-1.50715
0.433441
-1.89816
-0.462882
-2.9496
0.841585
-0.939142
0.575074
-2.36871
1.01895
-1.66056
-1.18251
-1.08306
1.37095
-2.48373
-2.44921
0.735112
-1.15191
0.833752
-2.07002
1.46472
-1.06343
0.867855
-1.20908
0.255893
-0.424427
-1.43363
-1.56349
-0.374845
-1.11947
-1.53808
1.97182
-0.828939
-2.76484
-1.01437
-0.858559
-0.434399
-1.55196
-1.79731
-2.49744
-1.96937
-1.6304
-2.13257
-2.99878
-2.02743
1.52592
-2.48673
-1.48756
-0.707522
0.0637579
-0.133527
-1.84157
1.67433
1.15206
-2.71139
-2.94256
-2.07768
1.28488
-0.955391
0.0432402
-0.898384
0.584167
-0.60436
-2.15723
1.15517
-1.37367
-1.94389
-1.50247
-1.97346
0.0197058
1.09621
1.50276
1.03785
-2.34367
0.517026
0.51493
1.67769
-1.89322
-2.63907
1.69559
0.554883
-0.134887
-1.13885
-0.364973
-0.262611
0.570357
-1.5356
-0.804183
0.0342775
0.932725
-0.509478
-2.56985
-2.65123
0.856361
-2.44829
1.1171
-0.694922
-2.99954
-1.32277
-0.0299268
-0.251464
0.374494
-2.01407
-2.90516
-0.624909
-2.17273
1.54451
0.954157
1.64484
-0.417892
1.69527
-1.1721
1.46985
-1.54599
-1.27007
0.303788
0.290888
-2.26178
0.199243
-1.09622
-2.64877
0.867236
-1.36278
0.149329
-0.31017
-1.60425
-0.816131
-2.96409
-0.675088
-2.19692
-1.37225
-1.44976
0.470893
-2.87971
-2.62235
-0.101358
-0.789346
-0.916117
-1.48127
0.711205
-1.13124
-2.70008
0.743183
-2.2774
-0.746017
-0.133855
0.716182
-0.910913
-1.70578
-0.0163314
-2.22375
-1.71369
-1.68267
-2.84144
-0.108223
1.09478
0.407259
-0.756753
0.967638
-0.508534
1.80345
1.27014
-2.07785
0.823618
-0.520881
-1.14564
1.76694
-1.77822
-0.478411
-0.242264
-1.02267
-0.0198192
-2.58544
0.11083
0.613222
-1.97293
1.95908
0.684927
-0.238485
0.616939
-2.63701
-0.58597
-1.09181
1.89698
0.270385
1.93675
0.273495
-0.372713
1.6572
1.07644
-2.44376
-1.24249
-2.10151
1.05586
-0.437267
0.516123
1.22253
1.52752
-1.23922
1.23492
1.73747
-1.99715
-0.223879
-2.24463
-0.559936
1.19527
0.93027
1.70374
0.511876
-2.96521
0.0218427
-0.391399
-2.19795
-1.76809
1.86254
-1.18386
1.6972
-2.83724
1.08685
-2.29897
-2.47143
-1.95554
1.09711
1.54001
-2.51247
1.9774
1.91075
-2.21241
1.00609
-0.822921
-0.98469
1.95795
-0.947795
-0.714329
-2.35934
0.962336
1.97991
0.194867
0.911972
-2.23669
1.37382
-2.1195
-1.59047
-1.01269
-2.73474
-1.39415
0.54309
-2.56224
1.40139
-0.265741
-2.83486
-0.993573
-1.92533
-2.77433
-0.559707
0.634539
-2.53951
-1.56506
1.73589
-1.10099
1.01011
-2.25495
-0.950412
-1.87211
-2.56299
1.02407
-1.0368
-2.40192
-1.89208
-2.26782
-2.51259
1.25318
-0.570321
-2.10373
-2.38599
1.63312
1.40865
-1.02798
1.71049
0.861522
-1.08878
0.584853
-1.12451
-0.177317
-0.299901
0.688787
0.632952
-1.88641
0.127093
-1.72787
1.95621
1.00942
-2.29436
-0.955933
-1.16203
1.89182
0.337791
0.734494
-1.81949
-2.22865
0.791513
1.14398
-0.223513
-1.8989
-1.80715
-2.72826
-1.64396
0.203626
0.99793
0.246492
-0.470129
0.116797
1.76992
-2.37531
0.821483
-0.525118
-2.5649
-2.29192
0.272891
-1.59434
1.53308
-0.342887
0.909994
1.53778
0.741043
-2.0301
-0.00979615
-2.48014
-2.38038
-1.83069
-0.836676
0.953474
0.731082
0.516554
-2.16602
-0.261033
-2.29531
-0.0285318
-0.546191
-1.8588
-0.508052
1.12478
-2.66033
-2.8249
0.978969
-0.216245
-1.11697
-1.33177
-0.976922
-2.44924
-0.439609
1.98962
0.613392
-1.43664
-1.31586
-2.25564
0.0639472
-2.23876
0.0766733
1.64785
0.289612
-2.72238
1.45361
0.0950547
-2.5596
0.367017
-1.50822
-0.527586
-1.96968
-0.276286
0.79488
0.996914
-1.17286
-1.95766
0.466335
-2.59865
1.8911
1.72909
-0.664329
-1.49114
0.454801
-0.106316
-0.0469982
-1.88641
-2.74171
-0.598598
1.84521
0.0621939
-2.6915
0.606543
-1.17482
-0.872677
-0.82217
-2.5538
1.15173
-1.35644
-2.58243
-0.628064
-2.82534
0.677183
-0.579446
1.02493
-0.482172
0.515483
-1.0329
-2.60454
1.58672
-1.27384
-0.740796
-1.27051
-2.24896
-1.60918
-0.556153
-0.302531
0.686925
-2.0193
0.917588
-1.63641
1.64517
0.616693
0.567875
0.182167
-1.5341
-0.456895
-0.143858
-1.95094
-2.72266
-1.04391
-0.324941
-1.14461
0.0506508
-2.17304
-2.56108
1.72473
-1.70669
0.0108625
-2.72497
1.92337
-2.48796
-1.54861
0.435725
1.66314
0.566334
1.04366
-1.75421
-1.40581
-0.365706
1.23725
0.898402
-1.85063
1.27193
0.390666
-1.32292
0.293143
1.46096
-2.6412
1.78415
-0.743755
-0.214669
0.25827
-1.13926
-1.25488
-2.74094
-0.825004
1.36023
-0.283009
-1.39953
-2.72781
-2.73676
1.33612
-1.03171
-0.97565
-1.00139
-2.4186
-0.692431
-0.966228
1.33373
-2.37693
-1.38184
0.938796
0.222126
1.14799
-2.87014
-0.631358
-1.66324
-2.29683
-0.712284
-1.5716
0.316278
1.72344
1.38431
-1.14844
1.07778
0.622091
1.3755
1.04478
0.423004
-0.0439558
-2.52104
-0.146716
1.3083
1.21449
1.30276
1.12115
1.19887
1.0431
-1.9553
1.8807
-2.84487
-1.50823
1.50366
-0.279643
-1.91986
-2.09959
-0.646529
-0.845246
-0.888724
-1.83416
-1.11461
-1.44579
-0.446575
-0.138788
-2.97953
1.35161
-2.56601
1.16222
-0.592967
0.689008
-1.55014
-1.57954
-0.0789086
0.437499
0.353621
0.596048
-0.883149
1.28572
-2.06689
-1.31477
-2.84748
1.04926
1.99529
0.225106
-2.57704
-0.216128
-0.799177
-2.46781
1.5606
-1.383
0.0415167
0.197904
-2.31782
-0.593233
-2.33408
0.811088
-1.07182
-2.71492
-0.763395
0.396698
0.782267
-0.430622
0.679624
0.562243
-1.09792
0.544358
1.1943
0.539636
-0.0452185
-1.75983
-2.9863
0.77137
-2.83518
-2.97669
-0.199603
-1.28147
-2.14546
1.8788
0.928463
-2.58446
-2.64112
-2.78234
-2.43095
0.296017
0.208792
1.48021
-2.57891
0.275439
1.09775
-1.98773
1.23762
0.394114
-1.38585
-2.67564
0.847375
-1.7249
1.9454
-0.522102
-0.0452149
-0.396889
-2.82811
-2.69171
-0.663903
-1.25351
-2.3393
-1.92708
-1.40494
-2.45246
-1.60733
-0.612952
0.908183
-1.96917
-1.93837
-1.32973
-0.153708
1.83667
-0.765869
-2.71147
-0.220189
1.36368
0.237432
-0.16416
-1.21371
1.33837
-0.905683
-2.37982
-0.37767
1.98586
1.11132
-1.0293
0.680785
0.910823
-2.43228
-1.07397
-1.86484
-2.51521
-1.43031
-1.70044
0.493211
0.15152
1.18962
0.410551
-1.48036
1.7829
-0.850022
-2.19576
-1.46032
-1.97658
-0.832968
1.83416
-2.37587
0.278713
-2.98763
0.970332
0.775009
-0.602345
-2.59954
-0.56367
1.18948
-0.13175
1.96966
-0.902457
-0.650426
0.710295
0.618062
1.34342
1.83405
1.29579
-2.57124
-0.426149
-2.27518
-2.9922
-0.871736
-0.0612959
0.825859
-2.77514
0.640453
1.9194
-1.78069
1.88506
-1.83929
0.0942235
-0.751861
1.67327
-1.84418
1.09596
0.932815
1.73703
-1.88095
0.572676
0.340871
-1.31998
-2.67574
-1.32203
0.512548
-2.61208
-2.60811
0.745427
-2.12649
-0.295514
-2.90557
0.501075
-0.5386
-2.20037
0.541538
-2.48344
1.4256
-2.05701
-1.30295
-1.44514
1.30099
-0.170127
-1.22789
-2.942
-0.437347
-1.32941
1.26247
-0.0729643
1.68932
0.0643557
-2.13641
-2.86823
-0.448216
-0.169683
1.85615
1.61439
1.67684
0.736066
-0.493988
-2.0922
-2.9225
-0.504557
-1.19003
0.459425
1.69556
-0.619075
0.23911
-1.94912
1.32702
0.458967
-1.16756
1.72255
-0.114741
-0.527173
-0.453199
-1.72585
1.82438
0.288587
1.80297
1.07314
-2.03917
1.96119
-2.20428
1.66606
-0.943309
-0.425075
-2.71451
-1.8775
-0.373393
1.47778
1.11967
1.48459
-1.881
-0.95704
-0.194652
-0.368801
-1.97834
-0.545869
-1.85849
1.35639
-0.288942
0.880689
0.813359
0.918423
0.63825
-1.20246
-2.46848
0.343495
-0.779511
1.40469
-0.914003
-0.141139
-1.7213
0.200992
1.08461
-1.02332
-1.21028
1.13812
0.628979
-0.256552
0.681735
0.57554
1.75876
1.76406
-1.68191
0.0992008
-1.79127
-0.375181
-0.260772
1.10239
-2.51428
1.32673
-2.67254
1.39504
-1.16827
-1.99771
0.203271
0.268497
1.89299
-1.41621
1.14401
-1.27552
1.3919
-2.15932
0.690673
0.880676
-1.07281
-0.748795
-0.0963389
1.09937
-2.57206
0.507815
-0.477758
1.60644
1.14398
1.63652
0.0971886
1.35581
-1.45698
1.33141
-1.36128
0.0695798
0.088989
-2.54521
-1.95932
1.6079
0.854233
1.12535
1.44927
-2.77116
0.00244202
0.686305
-0.776276
-0.204354
-2.59709
-2.27692
-0.397007
-1.90236
0.038294
-0.282498
-2.50053
0.382908
1.35491
1.32917
-2.80827
-2.77553
-1.1612
-0.547437
-0.623751
-1.40167
-2.62275
1.62272
1.71709
0.218692
-1.5173
-0.972908
1.78032
1.87079
1.66699
-0.387108
1.62855
-1.91132
-0.123537
-1.58513
-1.86488
-0.983663
-0.0220172
0.577099
-2.28922
1.01497
-2.78267
1.67662
-2.29834
0.144075
0.287091
-0.652752
0.116794
-1.78797
-1.84613
-0.326472
-2.69743
-1.82583
0.988306
-0.525663
-2.66482
0.183353
1.70058
-2.04299
-0.219678
-1.53428
-0.915681
-2.16915
-1.8917
-1.77474
1.79828
-1.42797
0.959254
-0.0520363
0.87351
-2.78816
1.3194
-0.555968
-1.57458
1.46247
-1.2763
1.87366
1.38841
1.50959
1.57119
1.34861
-1.49244
-2.6118
-1.04691
0.150843
-2.36981
-0.899107
-2.20743
-2.22623
-0.865607
-0.250187
-0.54183
-0.371905
-0.483447
-0.233479
1.93627
-1.67944
-1.45009
0.169442
0.0420143
0.344599
-0.396601
-1.0838
0.24496
-2.32507
-2.54635
0.81408
0.565143
-2.47741
-2.69671
1.36672
-1.91366
-1.91846
-1.06442
-1.92585
-1.66294
-0.767094
1.66713
-1.5791
0.450983
-1.31792
0.527734
1.38309
0.0226347
0.57228
-2.86583
-0.526731
0.862246
1.88913
-1.93692
-1.28171
-1.42862
-2.10307
-1.8924
1.6854
1.96449
-2.94126
-1.38257
1.7581
-0.552595
1.06763
-2.62
0.152549
0.208414
-0.513694
-0.823408
1.44576
-2.96913
-1.64823
1.33023
0.238647
-0.662152
0.234365
1.7279
1.63867
-0.2692
-2.35764
0.818537
1.61713
-1.55024
0.125744
-0.928188
-0.509025
-0.790653
-1.11763
-0.964139
-0.377469
0.641701
0.0576347
0.849894
0.466365
-2.83896
-0.765024
-1.61043
0.368309
1.30497
-1.83056
-1.34011
1.17413
-1.0138
1.56684
1.20354
-2.33027
1.44538
-2.19055
1.33222
0.66931
-2.19245
0.236733
-2.97485
1.39212
-0.301527
-1.852
-2.90594
-2.60993
-1.00872
-1.87405
-1.05263
1.27287
1.77742
-2.06221
-0.698822
-2.40328
-2.28052
-0.151621
1.79405
-2.56789
-2.8034
0.154078
-1.74128
1.11631
-0.526754
-1.11707
0.790985
0.641824
1.14247
-0.648894
-2.96375
1.41633
-2.1143
-0.452772
-1.35094
-2.06672
0.831308
-1.38074
1.1486
1.21484
-1.54661
0.958769
-2.37408
-1.43699
-1.60317
1.11747
-0.926728
1.92215
-1.43777
-2.51598
0.596511
1.89315
-0.620104
0.85114
0.104147
-0.48476
-0.214009
-2.01131
-0.541777
0.0854339
-2.79338
-1.91678
-0.657593
-2.64458
1.59577
0.7944
-1.11208
1.31854
-2.91251
-1.89047
1.12886
-1.15242
-0.292419
0.0125747
-1.75164
-1.03074
-2.78893
-1.7477
-0.00857693
1.47004
-0.104252
1.48508
-1.1127
0.673848
0.130309
-2.30421
0.900267
0.741311
-1.29809
-1.21336
0.0585009
-1.90719
-0.658085
-2.43687
-2.05289
0.506254
0.136083
1.07291
-0.564821
0.830324
-0.0197738
-0.540399
1.86584
-1.89462
-0.0340528
1.82518
-2.23665
0.456475
-2.44619
0.664354
0.660931
0.414101
-0.254497
1.2241
-0.468194
-0.283393
-1.04228
-2.77916
-1.63754
0.913315
1.9916
-1.48499
0.904977
-2.75276
-0.311046
1.65469
-1.53967
-0.924343
-0.659167
1.60842
1.60408
-1.8211
-0.183846
-1.90244
1.81737
-1.32831
1.25968
0.407433
-2.37723
1.55396
0.769549
-2.43013
1.68713
-1.35613
-1.39203
-2.93651
-0.943894
-0.190758
-2.97801
-0.375532
0.722238
-2.19911
-2.49794
-2.8295
-0.268994
-0.387414
-1.20479
-0.491375
-0.274523
-2.09992
-1.431
-0.914701
1.42599
-1.21323
-0.909805
0.198195
-0.0883176
-2.49651
-2.85474
1.72522
-2.66314
1.5943
-2.42256
-0.0830794
0.803351
0.534847
-0.0991519
-2.55523
-1.9251
-1.19893
-1.81502
-0.775609
1.9254
-0.869514
-2.08573
0.999258
-0.122203
1.30225
-2.91215
1.6847
-2.09483
1.74213
-2.32075
-1.84346
0.295613
-1.51165
-2.15911
0.527009
-0.36483
1.91549
0.49578
-0.596722
-2.72592
-1.61302
0.247628
-1.81366
-1.62998
-2.63389
-0.0489163
0.397893
-2.15479
1.24927
0.384624
-1.10298
-1.62155
-2.33511
1.96617
-0.405287
-1.10093
0.0724548
-2.65459
1.88847
-0.960354
0.566058
1.33954
1.75715
0.433686
0.451423
0.80063
-2.7086
-2.57843
1.47726
-0.941858
0.0807878
-2.37499
-1.76646
0.495904
0.541816
0.361171
1.66731
-0.73853
1.37368
-0.813064
1.5816
-2.16439
0.238517
0.269679
-0.22119
1.68013
1.85933
1.24841
0.73972
-0.918036
0.472949
-1.79339
-2.76091
-2.52813
0.229931
0.453776
-0.971463
1.52613
1.62454
-2.7084
1.21031
-1.35456
-2.47741
-0.306711
-0.390058
-2.66921
-2.30567
-2.61532
1.37616
-0.90756
1.1124
0.0648315
-0.0437684
-2.50039
-2.68851
-0.365201
-1.87342
0.619873
1.84376
-2.13164
-2.30072
-2.88723
-2.62264
-2.64167
-0.760875
1.09019
-1.17031
-0.108747
-1.22936
-1.29724
-2.37762
1.15368
-2.36772
0.364772
1.56511
-0.366417
-2.3779
-0.278985
-2.79764
-2.05958
0.863146
-0.692897
-2.51802
-1.67122
0.747322
-1.89194
-2.31421
-0.975018
-1.49693
-2.60557
-0.0306728
-1.4785
1.16117
-0.894209
1.17159
-0.972179
1.33683
1.5356
1.37855
-0.510908
1.6948
-2.16138
0.802187
0.223795
-1.89924
-2.58315
-1.1414
-0.817747
-1.40718
-0.878103
0.0104294
-0.508284
-1.01586
-0.451515
-2.71522
-1.27301
-0.0456946
0.301135
0.866209
-0.222612
-0.174586
-1.38631
-1.71383
1.85842
0.156947
1.55733
0.337256
-1.65438
1.23662
-0.609726
-2.07848
1.07258
-2.51255
-0.746781
-0.683569
0.803928
-2.20923
1.71412
-0.537093
-2.52849
0.998858
-1.95767
-2.55357
-1.32879
0.0305371
-0.583095
-0.611552
0.56408
-2.60216
1.54233
-0.731891
-0.389104
-1.78746
1.99296
1.8394
0.887808
-1.66478
-0.16263
0.00041831
-2.87068
-1.27916
0.132422
-2.16539
-1.90052
-1.83018
1.95526
-1.80145
0.0935477
-1.87072
1.74626
1.03717
-1.68225
-1.59939
-2.01011
-0.504341
-1.50209
0.268402
1.48948
1.25787
-0.320731
-2.55834
0.558699
-2.65112
1.78334
-1.81892
-0.200501
1.36662
-2.7906
1.10651
-2.71476
-0.663139
1.32766
-2.82821
0.894438
-0.337931
-0.577785
1.66334
-1.95375
-2.89738
1.75795
1.29903
-1.80685
0.757507
-1.53966
-1.23938
-1.15735
-0.964565
-1.39041
-0.0360487
-2.91753
1.14375
-2.37027
-1.99867
1.46624
-0.623597
1.50022
-1.08848
0.0238123
-2.68984
0.269558
-2.25077
-1.77597
1.87026
0.256961
-2.5239
-0.353108
1.94652
-0.277034
1.00158
-2.52454
0.27303
1.89429
1.51974
-1.39322
-2.21165
1.67781
-2.8132
-1.21143
1.55392
-2.1337
-1.05017
-2.92081
-2.99489
-0.106719
1.75397
0.922921
0.650311
-2.53886
-0.0203309
-2.07468
-0.0300687
-2.76532
1.97248
-2.05428
-0.81062
0.82675
1.47202
1.76441
1.43853
-0.901507
-0.3341
0.298248
-2.89749
-0.622623
-1.04744
-2.36468
-1.2013
-0.597747
-0.137644
-1.41647
-2.56495
-2.7254
-0.870325
-2.03579
1.0887
-2.14046
1.32744
-0.472787
1.80749
1.36586
-2.70701
-1.87968
-2.31649
1.73498
-2.64642
-0.541136
0.686166
1.87775
0.446426
0.537989
-1.51856
-1.8218
0.721268
-0.0724343
0.393448
-0.174087
1.86221
0.597101
-0.669134
0.84267
0.749753
1.97249
1.16433
-1.31121
0.680756
1.90762
-0.567467
0.822689
-1.54436
-1.05578
-0.377597
1.30626
-0.451674
-0.557354
-2.36304
0.358742
1.23005
0.547406
0.639373
0.157242
0.669658
-1.96748
-2.7625
1.71522
-2.63095
-0.378841
-1.75397
-1.50554
-0.745563
-0.362917
0.460867
-0.300171
-2.54704
-0.731097
-0.137315
1.39544
-1.03767
-2.67707
-0.742733
-0.111765
-0.442269
0.145629
0.577569
0.58283
-0.463896
-2.02635
0.19998
1.15705
0.57424
1.29866
0.136354
-1.51476
-2.9326
-2.87548
-1.75984
-1.20432
-2.15638
0.451555
-0.727089
-1.29198
-0.752237
1.08853
-0.548208
-0.899273
1.22028
-2.17695
-2.81547
-0.936537
-2.65533
-0.720193
-0.203993
-1.3684
-2.15346
-2.40225
-2.2254
-1.07403
1.52831
-0.214582
1.16235
-0.508977
-1.3709
-1.46501
-2.47604
-1.05699
1.6959
-2.37751
1.95517
0.774358
-2.66191
1.05447
0.3483
1.82675
-1.96095
0.258552
0.0612557
-1.78877
-0.183709
-1.22509
0.406925
-2.64185
-0.920268
0.477959
-1.60302
-0.867252
1.58212
1.6643
-2.5175
0.255917
-2.06602
0.617953
0.208377
0.381213
1.08559
-1.64208
-1.47504
-2.69031
-1.55932
-0.796072
0.439588
-1.30359
1.68795
1.36027
-0.0862975
0.650172
1.7939
-2.15043
0.0513949
-0.628245
-0.379384
-0.431234
-0.367223
1.07534
1.12695
-0.0445109
0.914129
1.04923
-1.32731
0.105899
0.379497
1.63938
1.34667
0.665372
1.76599
-1.04686
-1.48628
0.279506
-1.88858
-0.915532
-2.9613
0.379414
1.33262
1.7855
1.37913
1.06218
-0.0679937
-0.683306
0.654523
1.97557
-0.805474
0.24027
-2.17604
-1.5626
-1.18404
0.443749
-1.43797
0.108413
-2.44015
1.42604
0.446731
-1.7617
0.308745
1.73943
1.07291
-0.0948226
-0.0676956
-1.87549
-1.06923
1.99981
1.85541
1.77457
-0.121027
1.62493
0.399761
-2.53633
-1.43133
0.230533
1.42184
-2.13133
-0.0596711
-2.51177
0.687503
1.21341
-1.09834
1.93632
-1.87352
-1.83948
0.0970427
-1.17643
0.0937251
-2.96173
-1.35903
-2.06502
0.478874
1.6931
-0.171388
1.44064
-1.54415
-0.906419
-2.92642
1.04312
1.21568
-2.82465
-1.57451
1.35897
-2.39644
0.838811
0.404955
-1.69474
-1.36127
-0.299518
0.123779
0.432144
0.42578
1.08249
0.099404
-1.57952
-1.66863
-0.919009
-1.76662
-1.00262
-0.959329
-0.71246
1.93571
-0.434218
1.24305
-1.70501
1.46375
-0.571883
1.21447
0.833221
-0.47079
-0.276542
-0.817194
0.0997209
1.94865
-2.4462
1.82909
-2.6882
-1.31729
-2.78091
-2.95143
1.45636
1.71157
-1.04516
1.70358
-0.901122
-0.692454
-0.990388
-2.15923
-0.99534
-1.18323
0.275625
1.15431
1.30565
0.161633
-2.76254
-2.18497
1.43856
-0.424163
-1.88029
-1.32185
-1.66688
-0.442154
-2.21577
1.65735
-2.26005
-1.79576
-2.45406
1.83739
-2.19478
0.802651
-2.90801
0.266054
-1.05361
0.814243
-0.142952
-2.54082
-0.558105
-0.706652
-2.1199
1.76247
-0.924986
0.359367
1.34514
-0.375085
-2.78706
-0.0690987
-1.74991
-2.11226
1.4022
-1.99977
-0.00535884
-0.0684276
-1.74298
-1.2202
-2.02004
1.05886
-0.00463501
-0.815939
1.44524
-1.71726
-1.20228
1.29826
-2.81668
-0.141592
-0.47892
-1.86013
0.436039
-1.8466
-2.45874
1.51312
-0.337959
1.019
0.369766
-1.04791
-2.77342
-2.70382
0.460643
-0.678032
-0.929172
-2.01692
-2.1326
0.0589209
-2.34991
1.70449
-0.246716
-0.219856
1.44153
-0.592504
-1.24079
-2.1266
0.76481
0.163637
-1.06984
-1.65541
-2.07504
-2.57668
-2.7143
0.0289311
-2.84607
0.410599
-2.93893
-1.95749
0.0391364
0.704471
0.889461
1.751
0.990566
-2.11941
-0.241943
0.813433
-0.614275
-1.60341
0.450215
-0.754651
-0.422834
-0.75507
-1.46958
-1.02258
1.23862
1.21582
-2.02971
1.45789
-0.625906
-1.35967
-2.4478
-0.70379
1.09543
1.7875
-1.12798
-0.436162
-1.25108
-0.292554
-1.34926
0.624338
-1.51417
-1.14929
-0.940798
1.42364
1.14448
-2.3974
1.25048
-2.19023
0.0872048
0.722049
0.271806
-2.95096
1.9726
-2.0629
-2.69524
-2.38694
1.37605
-2.07945
-0.614067
-1.7509
0.854483
0.945775
0.102462
-0.900999
-1.41906
0.519562
-0.458111
1.04606
1.2376
0.321551
-1.60148
1.01277
-1.36954
0.141991
-0.607941
-2.88182
0.33252
0.121349
-1.72041
-2.49522
-0.540991
1.60575
-1.84603
-1.71675
1.11033
-1.31502
1.02043
0.916465
-1.78842
-2.73581
-2.62798
1.66059
1.3491
0.0980021
0.560071
-0.550622
-1.83713
0.875249
-0.399641
-1.31221
-2.64472
1.43551
0.565317
-2.64264
-0.512907
-1.92993
0.546388
0.543938
-2.99894
0.793431
1.8682
1.66933
-0.349629
1.82323
-0.0992618
-0.0861995
1.30262
1.78989
-2.82511
-1.69135
-2.8095
-2.92086
-0.455552
-2.46956
-0.756818
-0.20946
1.0039
0.0528277
0.672301
-0.0841083
1.18158
-1.26528
-1.29228
1.0556
-0.443002
-0.845415
-1.91455
-2.68644
-0.0369766
0.706729
-1.96152
1.78765
-0.2678
-2.44651
-0.88195
0.812684
1.54035
1.47763
-2.43038
-1.5761
1.25071
1.78091
-0.304003
-1.38362
1.29427
-0.563497
1.53474
0.73702
1.69466
-2.69004
1.71442
0.523929
-0.144491
-2.47137
1.26323
1.50202
0.100748
-2.53614
-1.98968
0.152121
-1.56669
-0.815349
-1.51477
1.29878
-0.576761
-2.48278
-0.48394
-1.31387
-1.81421
1.73046
-0.414656
-2.80361
-1.32941
-2.29505
-0.911347
1.57967
-0.0165203
1.78791
1.65868
-2.47897
-1.51311
-2.42216
-1.55359
1.78918
-0.0812481
0.684924
0.34346
-1.79969
0.0243148
-0.985785
1.83018
0.0992938
1.47317
-0.630464
0.0166887
1.03843
0.759843
-0.801586
0.0654224
0.655931
0.175315
-1.11809
-2.5073
-1.24002
-1.31681
-0.750436
1.84158
-2.14565
-0.717016
0.262329
-1.36823
-2.3468
0.42056
-0.480299
0.372097
-2.51583
1.72646
1.95999
1.63673
-2.53701
-2.67922
0.454599
-1.11664
-2.78969
1.84008
0.928742
-2.76265
-2.51683
0.629376
-0.898993
1.35506
-1.28327
-0.519454
0.734376
-0.450606
-0.586838
-0.0909932
1.83091
-2.29488
-2.46002
1.28111
-2.27388
-0.755852
-1.99012
-1.71917
-2.95629
-2.68542
-1.56298
1.97847
-2.64149
0.961133
-2.12434
-0.417385
1.90807
-2.68563
0.612606
-1.32273
0.884864
1.12268
0.993079
-0.93873
-0.326666
1.57108
-2.49733
-0.611345
1.85737
0.0883623
-0.58005
1.59383
-0.487377
1.26329
-1.87777
0.621376
-2.94348
-2.94919
0.987383
-0.240942
-1.30056
1.90182
0.451879
-0.951957
-1.50766
1.76976
-1.7611
0.325969
0.00729633
-2.27347
-1.66973
-2.08044
0.764757
1.81869
1.50226
0.860221
-1.70353
0.795773
-1.8807
1.40497
0.0056595
-2.71274
-0.836658
0.218965
0.0935015
0.949121
0.712624
1.55399
-1.09544
-1.54076
-1.84932
-0.643543
-2.26894
-0.0230383
0.441239
-2.32717
0.399565
1.37974
1.97673
-0.517363
-2.75764
-0.130182
-0.183838
-2.85899
-2.05612
-2.57334
-1.8951
0.0615364
-1.50591
-0.646929
0.460173
-1.89892
1.74174
1.73303
0.584645
-0.655288
0.984194
-1.10182
1.85228
-1.55665
-2.82454
-2.87742
-1.11264
-0.623056
-1.97831
-2.07944
-2.43885
1.65548
1.54125
-1.29204
0.607573
-0.355296
1.98892
1.29151
0.697467
-0.437354
-2.60119
-1.1844
-0.442098
-0.139592
1.96858
-0.176055
1.31698
-0.9503
0.0362142
1.37438
0.840107
1.87073
-2.52758
1.68595
-2.38445
-1.43829
-0.607129
-2.5132
1.43603
0.890429
1.11956
-0.280731
0.0798838
-0.307086
0.18576
1.65184
-0.279738
-2.04426
-1.31761
-2.3766
-1.68077
-0.973471
-0.279676
-0.546961
0.412347
-0.606421
1.6013
-0.537785
-1.41145
0.78165
0.155198
0.060776
0.0633638
1.27616
1.81372
-0.873659
-2.32185
-2.21715
-2.01709
0.227154
-2.48597
0.194847
1.33616
-1.43686
-1.95305
-1.16806
-1.45923
-1.58104
0.809439
-1.89597
-0.433297
-2.2572
-1.78373
0.708653
1.30433
-2.21717
-1.17238
-1.41978
-0.916893
1.66985
0.809646
1.03009
-1.48174
-2.75373
-1.02052
-1.08606
0.103444
1.34531
1.1269
1.41323
-0.621339
0.715776
-1.78568
-0.451585
-1.67595
-2.19933
-2.21982
0.232138
-0.611068
1.52157
1.47311
-1.94804
-2.21363
1.1053
-2.18103
1.87534
-0.586329
1.34706
1.53893
1.08858
1.84612
-0.195294
-0.484703
-0.741399
-0.182994
1.90057
1.34636
1.73056
-1.35547
-1.47835
1.39013
-2.75428
1.84965
1.04993
-0.688499
-0.72828
0.762525
-1.26071
-0.491431
-0.626746
0.691006
0.987907
-1.17494
-0.0318078
-2.20545
0.770917
1.91896
-2.43168
-0.0983882
-0.249777
1.28853
-0.834093
1.36003
-1.11586
1.58809
-1.54841
0.267763
-0.805715
-1.23883
-0.430966
-1.59288
1.8736
0.463374
-0.589634
1.50044
-1.70565
-2.68828
1.09327
-1.10916
-1.99827
1.85125
0.337876
1.01122
-2.02615
-1.43473
-1.92168
-1.52467
1.73364
-0.605695
-0.939216
-1.22383
-2.31753
-0.293854
-2.86512
1.08358
-1.68945
-1.99206
0.833638
-2.31972
-0.265164
1.38226
-2.39811
0.932113
-2.99575
-0.422054
-2.81021
-2.48466
0.274554
-2.45866
-0.755154
0.280816
1.12927
-0.457961
-1.92392
1.29377
-0.910335
-1.92662
0.326155
-2.7861
-2.24215
-2.12334
-0.00507644
-1.02288
-1.50827
-1.04569
-0.095571
-0.977323
0.220388
1.93266
-0.480799
1.25854
-0.316827
0.999505
-2.57637
1.87871
0.275193
0.0813515
-0.24175
1.22377
-0.136358
-2.94407
1.93491
-0.550965
0.233836
-2.07375
-0.903685
-1.91647
-2.15818
-2.07577
-0.648522
-1.40531
-2.04987
1.80945
-1.94459
-2.77789
-1.25942
-2.72079
0.105287
-0.54304
1.311
0.65373
0.853214
-2.66794
0.203275
-1.02934
-2.90075
-0.267735
1.12796
0.206358
1.11082
1.80289
0.016757
-1.05992
-2.40984
-2.43795
-0.457372
-1.82443
1.75202
1.37937
1.68634
-1.96829
-0.364901
-0.61535
-1.12568
-2.43823
0.944332
0.895591
-0.00373952
1.00942
1.32028
-1.24427
0.40639
0.501621
1.67645
-1.79245
0.811307
-2.06124
-2.68882
-1.41483
1.95777
-1.81468
1.91248
-0.330525
-0.462676
-2.99998
0.84468
1.09001
-1.91388
-2.15557
-1.70742
1.04887
-1.12491
-1.74442
1.0133
-1.38696
-1.77357
-2.133
1.7084
-1.36279
-2.28277
0.964247
-0.469167
-1.92176
-1.78029
1.47509
-1.42469
-0.954427
0.475921
1.48958
-2.6893
-0.616396
-2.67196
0.149825
-0.895455
0.401061
-0.347267
0.170383
-0.371385
-0.279789
0.924619
1.33201
1.61461
-1.66276
-1.90239
0.595247
0.492176
-1.37122
-1.09018
-2.59623
-0.815932
1.12693
-0.914784
0.0692889
-0.325705
-0.623891
-2.36174
1.94552
-1.30761
-2.89587
-1.04401
-2.96725
-1.82524
-0.922867
-1.80751
0.123577
-0.862122
-0.0378598
0.247619
0.591608
-0.734271
-1.67972
0.534365
0.850517
1.24568
1.45758
1.96921
1.36201
1.47955
-0.195879
-1.68187
-0.723002
-2.35609
-0.341919
-0.634502
0.883659
1.36333
-1.47419
1.7378
-0.0624118
-0.421472
1.14931
-2.46146
-1.80292
1.68972
-2.0886
-0.127808
-0.163953
-2.73847
-0.500706
-0.243499
-1.90386
0.946254
-2.73675
1.09036
-1.53491
0.172839
-0.687639
0.433466
-1.68461
-1.08155
1.27018
1.60571
0.553789
1.50434
1.31709
-0.747982
-1.48027
-2.27173
-1.73469
-1.0347
-2.13862
-2.618
-2.55298
-0.696234
0.62655
-2.62234
1.40239
-1.96018
1.63489
1.66967
1.37572
-2.76686
0.859961
0.506551
0.213604
-2.89787
0.870299
1.83961
1.68646
-0.271799
-0.520255
-1.34429
-0.753247
-2.03904
0.455963
1.30283
-1.70598
-1.35462
-2.19538
-1.07269
0.845834
-1.64992
1.34573
1.23778
0.767296
0.908388
-1.14132
-0.291149
-0.699423
0.287299
-0.911765
-1.39605
0.64471
-2.1346
-1.36093
1.20481
1.36221
-1.04852
-0.188439
0.185393
-0.418765
-2.55189
1.77273
-2.18331
0.161594
-0.539179
-2.20981
-0.859493
-2.13493
-1.81835
-0.931704
1.99831
0.867229
0.457699
0.103423
-2.9053
-0.176989
-2.44195
0.79419
0.634973
-2.69547
-1.91266
1.63903
-1.85986
-1.75739
-1.74789
0.270885
-2.49645
-1.31135
-1.08763
-0.863978
1.53039
-0.12167
-2.03185
1.00387
0.552307
-0.00831775
-1.79638
1.22041
0.7444
-0.470968
1.01428
-2.8276
-2.56691
-0.0599774
-0.005721
0.09657
1.35838
-2.23198
-1.49249
-1.57669
-2.92807
1.30065
1.12917
-1.86751
1.05252
-2.29027
1.02303
-2.26872
-2.3999
-1.85154
-1.40538
-0.807495
-1.10061
1.4344
-2.74189
0.472073
-0.398816
1.33722
0.245142
-2.81043
-1.75389
-1.08417
-1.15672
0.629332
0.0888521
-1.68721
-0.625978
0.0895568
-1.96809
1.8471
-0.80903
1.94121
-0.336674
-2.88591
-1.04883
1.40741
-2.95024
-2.28696
-0.0254458
0.614019
0.0130917
-2.29003
-0.669084
-0.473983
0.889555
-1.80005
0.539264
0.328607
0.109173
-1.43606
1.32558
-1.25425
-2.70619
0.551707
0.819213
-0.671534
1.31965
0.940649
-2.1829
-1.43332
-1.66134
0.263432
-2.24445
-2.85338
-2.67143
-2.86704
-0.042291
1.59329
0.0779587
0.192797
0.0174628
-1.42515
0.146176
0.560562
1.37938
-0.737233
-1.68982
-0.223299
-1.64873
-2.1988
1.18148
-1.90304
1.53375
-2.97135
-2.28963
1.49741
-2.4447
0.331762
1.50873
-0.550181
0.503517
-0.805941
-0.0333313
1.25031
-2.8693
-2.95713
-2.61402
-2.78546
-1.6976
-0.859677
1.02185
-1.4028
0.151809
-0.542857
-2.52645
1.10065
-1.63997
-2.59762
-2.05447
-2.18589
-0.595266
-1.35696
-0.167283
0.0343507
-0.630859
1.09836
-2.01682
-1.06282
1.13591
1.25946
0.33286
1.61956
1.77182
-0.039499
-2.28436
-2.55242
-2.87107
-0.809785
1.39418
-1.987
0.759872
1.22421
-2.21827
0.191176
1.47056
-1.81705
0.0323539
-0.173774
0.50095
0.985208
0.152427
0.802323
-2.77242
-1.43188
-1.85401
-0.209389
-2.25792
-2.53999
-1.68438
1.31458
-2.99805
-1.41286
-2.2653
0.303201
0.485306
-1.29939
1.11002
-1.88702
0.157016
-0.071452
0.5394
-2.18806
-0.171785
-2.4079
1.61956
-0.459591
-2.70385
1.39167
-2.36171
-0.943548
-0.26375
1.96479
1.7725
-1.34691
-1.64449
1.71622
-2.33682
0.594511
-0.596742
-2.61181
-1.10854
-0.825542
-0.0499952
1.89434
-1.19863
-2.51203
1.22033
-2.45756
1.6106
-1.85863
-0.992044
1.68174
0.786675
-2.89294
-1.13089
-2.6826
-1.44323
0.924076
-0.818889
-1.99226
-1.18021
-2.79952
0.310216
-0.217778
-2.26895
-0.989489
-0.519128
-0.118667
-0.832038
-2.56506
1.40885
1.79673
-2.98203
1.07599
-0.976914
-1.34147
-1.95871
-2.97479
0.474042
-1.65773
-1.97602
1.03021
-0.686355
-2.90265
-2.21333
1.52579
-1.92884
-1.96181
1.3443
-2.69208
-2.71033
-1.92463
1.64268
-1.99142
1.71568
0.0346566
-1.1928
0.751133
-1.80174
-0.358393
-0.0120598
-0.854558
-1.41997
-2.48956
-2.72489
0.804053
0.261616
-0.288
1.20912
0.216702
-2.03226
1.8168
-2.03896
-0.584303
1.87643
-1.05912
0.104392
1.59792
-1.54972
1.4706
1.90685
-0.978817
-2.97802
-1.16854
0.435667
0.455061
-1.42014
-0.193898
1.88726
1.64778
1.42055
-1.53516
-1.81439
-0.0217099
1.34875
1.57732
-1.22797
-0.457894
-1.87876
0.921844
0.907365
1.23458
-1.87212
-0.750388
-1.92474
1.88147
-1.75607
-1.78556
0.508382
-2.01887
1.40796
-0.541973
-0.165942
0.201736
-2.94214
1.98676
1.55694
-1.6427
-0.220739
1.12871
-2.74177
-0.000579311
1.42412
1.32777
-1.9694
-1.84963
-2.62085
-2.47486
-0.836735
-0.739465
-1.96088
0.282107
-2.82085
1.88574
-1.25986
-0.855449
-2.43982
0.303419
-2.0018
-1.1287
-2.34826
-0.378375
0.466249
-0.613426
-1.11904
-2.7739
-1.25594
-1.07235
-2.43864
-1.26481
1.82547
-2.37229
0.0625655
1.69797
1.58599
-1.4573
-0.933961
0.830948
-1.73648
0.100263
-2.7762
1.78163
-1.5684
-2.65366
-2.25696
-1.2055
0.605021
-2.33939
-2.24085
0.289906
0.338452
0.971592
-2.39959
-0.390456
-0.462339
0.796176
-2.38048
-2.88673
0.590274
-2.53086
-1.70358
-0.795285
-2.97252
0.863166
1.9376
-0.540569
1.80547
1.38451
0.822494
-1.79714
-0.630705
-0.529208
-2.87252
-1.86231
1.25478
1.65986
-2.03669
1.35931
-0.55337
-0.452173
-0.675377
-2.54387
-1.11503
-1.38831
1.85269
-1.46984
-2.56763
-1.32862
-0.977611
-2.05563
1.21908
-2.98455
-1.6757
-2.64238
-1.86004
-0.545222
1.74796
-1.40571
1.27866
1.29836
-1.1412
1.07885
-1.54942
0.892494
-0.0914348
0.364917
-2.45562
1.36576
-2.06856
-1.72613
0.582398
0.238196
1.16604
1.34495
0.424715
0.734323
0.250627
-1.79817
-1.89875
1.38175
-2.68656
1.37057
-1.35113
1.9894
-2.70049
-2.66565
-2.03753
-1.52238
-2.38095
-0.225357
-1.87865
1.10719
1.17276
0.639598
-1.53565
1.5881
-2.49014
-0.786127
1.02937
1.32886
-1.79677
-0.120031
-1.79433
-1.95122
-1.00086
-1.58056
-0.148336
-1.1417
1.78398
0.0180871
1.64541
-0.0837135
-0.905648
-2.04352
0.282093
-0.445323
0.973882
0.64399
-0.496707
0.320329
1.3112
1.53954
-0.00496253
1.6051
1.0693
-2.2695
0.458319
-2.83482
-2.03519
0.884055
1.35213
-2.71863
0.255956
-1.59824
0.543474
-0.356562
1.37103
-1.11575
-0.855791
-2.1052
1.18537
-0.114997
-0.405195
-2.85914
-0.446684
1.64977
0.178609
-0.709899
0.565398
1.51926
1.59011
-2.8956
0.618983
-2.93459
-2.06374
-2.682
-2.35699
0.242259
1.57678
0.514365
-1.70262
1.72181
-0.358267
1.2405
-0.528582
0.716488
-2.34247
-2.52955
1.028
1.7751
1.54289
-1.09504
-0.874699
1.93041
0.685724
-1.48416
-0.283745
0.557023
-1.38947
-0.295848
-1.85712
-0.539818
1.64786
0.231799
-1.08253
-1.15376
1.78239
0.358019
0.885005
-2.88565
-1.8674
1.08791
1.6993
-0.0764298
-1.9332
-0.15475
-2.23561
-1.24344
-2.36824
1.79087
1.96197
-1.57677
-1.7091
0.216192
1.21675
-2.26668
-2.49519
-0.478823
-0.62214
-2.471
0.196911
1.45653
-2.90162
0.629662
-2.82619
0.514446
0.358329
-1.55503
0.773058
-2.30989
-2.52888
1.37282
1.7001
1.35431
0.970585
0.427641
1.55028
-2.12779
-2.45221
-1.71072
0.787378
0.92449
0.760924
1.71327
0.627053
-1.73355
0.468478
-2.49488
-2.4051
0.126882
1.01312
-2.10425
-0.86038
1.75495
-2.58541
-1.26915
-2.89287
-2.12856
1.41101
0.546788
1.92908
-0.0980084
0.202225
-2.93191
-2.98056
1.63276
0.319578
1.84401
0.858179
1.93696
1.35398
1.87676
-0.499564
-2.51939
0.508661
-1.13507
1.5365
0.678849
0.0648432
-0.228644
-1.43255
0.438839
-2.68671
-1.80737
0.736284
-0.634376
-0.443067
1.98402
-0.286251
1.75441
0.388243
-2.58057
-2.99798
-0.197675
-1.47013
-1.50277
-0.210006
1.60301
-1.41957
-0.551153
-1.77574
0.916354
1.30621
1.82761
-0.451173
-1.7883
-2.14024
-1.19719
-2.53522
0.904334
-0.735616
-1.05549
-2.13306
1.59355
-1.65837
-2.17981
1.56009
-1.64899
-1.57522
-1.57609
-2.15764
-1.70666
1.45504
1.75051
-0.78109
0.215018
-0.271397
-1.30182
0.757837
1.05059
-2.93589
-2.86615
-1.18761
0.836708
-1.45765
-0.502203
-0.0291629
1.04413
-0.785636
1.92034
-2.89995
-2.08803
-2.51808
-1.49436
0.376824
0.137021
-1.8872
1.17948
-2.12801
1.22928
-0.47949
0.226285
-0.146358
1.40874
-1.33654
-2.10445
-0.637958
1.28579
0.836501
-1.2306
-0.53247
1.26657
0.305315
-2.58334
0.550547
-0.234783
-0.153514
0.99234
-2.28568
0.903212
-0.572992
0.951818
-2.22982
1.35578
0.206606
-1.84637
-1.84618
1.67888
-0.783396
-2.39628
-1.43014
0.412667
0.423815
0.330999
1.10606
-0.743359
-2.31111
-1.45491
1.64095
1.82125
-0.285362
1.27024
0.325179
-2.49148
0.227257
-1.71276
1.61395
0.288241
0.443886
0.391698
-1.11103
1.81285
-2.54146
1.05238
-2.3356
-2.06224
-0.968215
-2.20519
-1.31027
-2.49287
-1.61064
1.56476
1.94924
-1.26898
-2.27209
-2.80282
-2.7111
-0.985842
1.96472
1.33556
-1.16842
-0.266525
-1.25002
1.02314
-2.27708
-1.47849
-2.10732
-1.90616
-0.0839638
1.89325
-1.47904
1.90627
-2.83846
-1.04804
-1.39998
1.18764
-1.29187
-1.09799
-0.301011
-1.04982
-2.61321
1.58206
-2.48954
-1.26337
-1.32215
-0.200846
-2.18368
1.60974
0.214561
-1.96802
1.0707
-0.898923
-1.71416
-0.536413
-2.56354
0.214328
-0.724806
0.533108
-0.135209
-1.6565
-0.42913
-2.92675
0.283407
0.535727
-1.93418
1.18917
-0.65522
0.619967
-0.841303
0.710214
0.344463
1.64645
-1.31396
1.86178
1.99534
-0.573012
1.1812
-0.737599
0.644973
-1.51586
1.92265
-2.61943
-2.21886
1.6903
-0.883942
-2.60246
-1.12289
1.81158
-0.314944
-1.11414
-0.577662
-1.69522
1.39073
1.26599
-0.261616
-2.30218
0.595685
1.84239
-0.765175
0.53096
-0.166477
0.215291
0.642747
1.54759
1.27454
1.23039
-2.57991
0.737872
0.841224
-0.444789
1.9585
-1.56983
-2.01699
0.0134624
-1.71686
-1.72947
1.94998
0.0651188
1.13458
1.44241
0.834666
1.07533
-1.67142
1.38302
1.3977
-1.75054
-2.03128
1.6498
1.44966
1.69838
-1.66558
0.225516
-2.98579
-0.427878
0.997029
1.67244
0.969986
1.23415
-2.59903
1.16773
-0.0165273
-2.34989
-1.46584
-2.54813
-0.504492
1.06921
-0.994978
0.192662
0.965963
0.912834
-0.490344
0.676101
-1.03123
0.105042
0.413035
0.88197
-0.878087
-0.266988
-2.80029
-1.34904
-0.815052
1.00598
1.7963
-1.06804
1.38384
0.553694
-1.39102
-2.27511
-0.116131
-0.868744
0.241915
-1.56711
1.19131
-1.30588
-2.34649
0.483965
-0.218085
0.488679
0.78569
1.49896
-2.99954
-2.05553
0.0810954
1.13853
0.765277
-2.25906
0.840292
-0.426391
-1.58927
-0.597206
0.780668
-1.15665
-0.956217
-1.8805
-2.27214
1.65412
0.297073
-1.72021
-2.6273
0.35954
0.75482
-2.17787
-2.34958
-0.168132
1.99917
-2.55253
1.91527
0.547076
-2.53705
-2.29527
1.07439
-0.150141
0.293184
-2.06052
-0.744424
-0.37808
-1.74447
-0.73934
-0.411133
-1.91246
-2.02585
1.35422
-0.00407595
1.46051
-0.0270425
-0.401154
-2.63055
-1.22616
-0.469822
1.66277
-2.79183
1.23608
0.964277
-1.13407
1.42529
0.799626
1.85573
1.40059
-2.81953
-2.10259
-2.81918
-1.04109
-0.559648
-2.33743
-0.050751
-0.967098
1.70259
-2.25463
0.861176
0.0784923
-2.67783
-0.795298
0.874896
1.87508
-2.77938
-0.227335
-1.91293
-1.56048
-1.38456
0.00225146
-2.51195
-0.865054
-2.70201
-2.87652
-1.50376
-1.51858
-2.82584
-2.14098
0.428498
-1.00791
-2.81231
1.59785
-0.0151784
-1.94262
-1.0769
-1.15239
-2.05098
1.16605
0.0271335
-1.99095
-0.651347
1.50669
-0.0243375
0.0924702
0.0862388
-2.58491
-0.388721
-2.16594
-1.99478
-2.85263
-0.449862
0.487092
-2.3103
-0.42727
-0.182421
1.78493
0.300266
1.80257
-0.444815
0.420058
1.99263
-2.04176
-2.92244
0.633475
-2.92804
-2.98415
-0.210282
-2.66848
0.511542
-2.95727
-1.20687
1.31084
-0.193578
-0.895685
-2.84823
1.92413
0.0572085
-1.56497
-0.911013
1.32854
1.23514
-1.66425
0.248579
-2.50185
-1.61515
-0.566215
-1.17249
1.89881
1.83525
-1.84357
-1.5195
1.95107
-0.134773
-2.08803
-0.436778
-1.83273
1.01035
-0.467963
-0.542489
1.01712
-0.111615
1.35265
1.90762
1.90774
-1.0529
0.751967
-1.34171
0.307613
0.276198
1.62029
0.0624745
-1.87964
0.380609
1.78179
-2.12721
-2.94482
1.78669
1.88071
1.85876
0.501977
-2.93872
-2.44148
0.144615
-0.510281
-0.735769
-0.240932
-2.94381
1.42784
-2.95698
0.114983
-2.22667
0.111407
1.45665
0.513347
-2.6591
-0.771461
0.1057
0.163127
1.74415
-0.954215
-0.421531
-2.91627
0.826052
0.84757
-0.647233
1.92432
-0.266297
-0.498476
-0.513701
0.958973
1.92407
0.460491
-1.57668
-1.00649
-1.86126
-0.71707
-2.11068
-2.84795
-0.764482
1.45549
-0.322757
-2.52305
0.683272
-1.59685
-1.45874
-2.9193
0.680572
-2.98637
-0.824542
-1.68016
1.05255
-2.91813
-1.79912
-0.584967
0.571731
-1.35187
-1.89571
-0.993866
-1.7239
0.962488
-0.4703
-1.93892
-0.496578
-1.95474
-0.334956
-0.0793264
0.903135
-0.0486131
0.941863
1.65943
1.70553
-0.286469
1.01493
0.339996
1.20895
0.811989
-2.10919
0.373516
-2.62785
-1.19861
-2.32957
-0.112919
-1.23387
-0.540506
-0.903582
0.145651
1.23976
1.99774
-2.0378
-2.00732
-1.98149
0.0186856
-1.17432
-0.151767
0.223826
-2.26239
-1.28207
-1.33736
-2.73341
-0.188489
-0.502894
-2.75408
-0.0620962
-1.6297
0.727296
-0.0785268
-0.75546
1.37136
-1.04937
1.37667
1.4629
-2.92034
-1.32855
-2.48159
-0.239542
-0.650379
-2.92239
0.317797
1.21733
1.72193
-2.13176
0.00584383
1.874
1.27804
-0.235258
1.89346
1.32281
0.528566
1.49555
0.76589
-1.59862
0.983193
0.853774
0.528656
1.10825
1.13631
-2.4233
1.38061
-0.583535
1.32022
-0.0447368
0.152776
-2.31191
1.66236
-2.69412
1.39295
-2.73626
-2.99712
1.89648
-1.6364
-1.88625
1.00722
0.869138
0.605395
-2.47979
0.390567
-2.87064
-0.786347
0.711416
0.62878
1.67034
-1.12697
-0.765433
-2.50558
0.90688
-2.42268
0.255082
-1.33619
-0.778046
1.67503
1.65206
1.54479
1.34396
0.133119
-2.35044
0.673283
1.33597
-1.41812
-0.778499
-1.2341
-0.758394
0.264762
-1.29883
-2.80376
-2.10441
-1.56799
-1.80811
-1.37296
0.343129
-0.0676505
0.337399
-2.19399
-2.62033
-2.39772
0.631264
-1.38859
1.11619
-0.469305
-1.60826
0.858906
-0.00638848
-0.236906
1.61364
0.957374
0.165564
-2.15254
-2.44916
1.75519
0.883289
-2.39082
-2.20212
0.262676
-2.99891
0.997471
-0.263343
-2.94034
-0.760482
1.47527
0.417677
1.76114
1.90724
1.86814
1.80714
-1.34386
1.61344
-0.336364
-0.82118
0.240063
-0.328956
-2.82832
-0.0351413
-1.36766
-0.247276
1.95172
0.664757
-2.56717
-0.0432109
-0.236078
-1.17985
-2.14265
-1.11789
-0.975244
0.00198997
0.465226
-2.12771
-0.643958
-0.256016
0.811655
-2.09016
-2.51864
-1.30684
0.233285
-2.78343
0.515664
-2.0816
-2.22618
-1.41128
-1.94586
-2.95062
1.42778
-1.98415
-1.1145
1.44539
-0.356088
-1.22153
-0.506553
-2.70123
-1.60961
-2.3306
-2.76572
1.08443
0.00956616
0.740758
1.22832
-0.0714466
0.881645
0.592002
0.253245
-1.018
0.582911
0.0195656
-0.115286
-1.00797
1.72452
0.56356
1.94824
-1.82078
-0.305342
-1.55813
-1.87501
-0.403346
0.921024
1.57709
-2.9756
1.61371
1.39013
-0.00845356
-2.95639
1.97147
-2.8862
-0.939018
-2.61116
-2.54847
-0.763536
-0.284107
-1.03643
1.97431
0.918708
-2.82035
1.63555
-2.51088
-2.43618
-2.93201
-1.27744
-2.35295
-1.01246
0.080908
-2.13357
-0.713141
-1.53156
-1.32377
-0.480997
-1.02522
-2.77385
1.13057
1.71487
0.300524
0.328474
-2.04894
-1.77797
-0.682991
0.0980142
-2.06495
-2.68179
0.246949
1.83934
1.13078
1.40704
-2.41507
-0.284151
-2.97245
-2.72523
-1.58455
0.324365
1.50884
0.854808
1.99155
-2.17895
-0.935266
-1.94911
-2.95595
1.31967
0.921996
1.32463
0.600272
0.395545
0.24144
-0.84227
0.707252
0.930562
1.77342
1.9703
-0.611656
1.8979
-2.71157
-2.29551
0.388185
-2.04199
-0.222056
-2.10518
-2.10848
-0.0817471
-0.0973419
0.18339
-1.71093
-1.02868
-1.59514
-0.737799
1.82356
-1.00885
-2.18559
-0.923592
-2.63471
-1.01469
-2.59206
-2.99124
0.904242
-1.36066
-0.404991
1.31852
-1.07289
-0.743771
-2.67799
-2.55866
-1.95918
-1.17126
0.0153143
1.59017
-0.50788
-0.419196
0.579642
-1.09424
-0.200559
-2.409
-0.23711
0.101596
-0.0844422
0.238023
-1.54839
-2.68744
0.0712923
0.181125
1.28084
0.036699
0.573643
1.41435
0.889846
0.398942
1.08382
-2.09747
-1.68303
-0.238929
1.85828
-2.43329
0.516384
-0.815092
1.29672
0.00476006
-1.99761
1.20993
-1.38284
-1.98503
0.598603
1.42957
-1.25528
-1.78158
-2.71293
1.77443
-0.922865
-2.10855
1.54704
-1.21929
-1.13739
1.56963
-0.394266
-2.23458
0.786166
0.573892
-1.25752
-1.25428
-1.55126
0.0871509
1.33383
-0.389223
-0.448847
-1.23221
1.03048
-0.270959
1.86859
-1.60152
-0.924682
0.746161
-0.0201695
0.729873
-1.35885
1.08346
-1.28321
1.06123
-1.87122
1.89057
-1.34744
0.431769
-1.58918
-2.74334
-2.21149
-1.26426
0.519732
-1.93875
-2.25489
-0.768739
-2.8021
0.749702
1.49212
-0.988822
-1.08186
-1.46462
-0.81408
1.93673
-2.95459
-0.398798
-1.74882
1.51835
0.772924
-2.19402
-1.75079
0.0772919
-0.222021
-1.53742
1.21855
-0.9328
-1.81109
-1.19753
-2.45722
1.21293
-0.0849024
-2.82928
-2.92201
-1.93046
-2.45486
-2.54905
-2.25426
-0.783812
-0.530191
0.369177
1.77909
-0.504686
-1.19184
-2.64714
0.157408
-0.781103
-0.0216691
1.16538
1.12533
0.253706
-2.63052
-1.9528
0.0276681
-1.26719
0.143693
-1.40933
0.288498
1.66959
-2.72972
0.676825
-2.14239
-2.93385
-1.60516
1.44487
1.86882
-0.911818
1.04497
-0.2584
-0.446824
-2.29616
-1.44333
-1.7679
0.788621
-2.66055
1.45614
0.717959
-0.311257
1.74241
-1.26034
0.807152
-2.66887
-2.75409
1.20882
-2.9648
1.39791
0.0444037
-2.83823
0.256073
-1.19658
-1.16243
-1.60297
-2.38991
-1.98149
1.27561
-0.018994
1.25306
-0.0727452
1.46265
0.136149
-1.78435
1.88221
-0.260408
-1.18242
1.84479
1.64362
-0.0712079
1.29534
0.834967
1.03903
-1.60774
-1.65699
0.0276354
0.370848
-1.18778
-0.761967
1.92394
1.61575
-1.12731
-2.9382
1.0479
-0.910809
1.32001
0.571638
-0.549203
0.528181
-2.14377
1.70604
0.0247419
-0.499055
-2.36868
-2.42003
-1.06171
-2.88432
1.4521
-1.14763
-2.78762
-1.86707
-1.13978
0.675572
-0.707097
0.641495
0.815341
0.516516
0.207249
-0.147506
1.36923
-1.80908
0.596501
0.0143544
-0.407264
-1.8805
-1.04754
-2.74335
-2.65469
0.933971
-1.61842
-2.53219
0.141413
1.9019
-0.39356
0.190346
-2.16103
1.23657
1.37865
-0.235159
-2.65626
0.957032
-0.266943
-1.28324
-2.98145
0.470742
0.887363
-0.745053
1.44178
-0.60417
-2.41285
-2.59718
0.56563
-0.543995
-0.219719
0.353687
0.388175
1.61797
-1.55476
-0.434707
-2.04065
-1.14673
-1.60988
1.49687
0.0994693
-2.01451
-0.702837
-2.58868
-0.614629
-0.193416
-2.73793
-1.18152
0.41336
1.20698
1.82442
1.02973
-0.452647
-1.58617
-0.247789
-2.75733
0.558982
-2.07641
0.657413
-2.94163
-1.68165
0.341431
-0.424347
1.90092
-2.41239
0.190777
0.731104
-0.639498
-0.944889
-2.7542
-0.587734
-1.26463
-2.19215
1.3394
-2.86509
-0.0391193
-1.77049
-2.84678
0.315491
-1.71867
0.522716
-0.0393682
0.465108
-2.37287
-2.54689
1.91444
0.897981
0.0814786
1.61887
-1.28924
-2.5748
1.0935
1.00257
1.44963
1.43712
1.22089
0.659982
1.95102
1.43741
-2.57264
0.726341
1.025
-1.54381
1.8418
-1.79667
0.0730119
0.587632
0.101856
-0.456572
-2.66033
0.0245831
-2.53025
0.361237
1.88167
0.178254
-0.690846
-1.72821
-1.7484
-1.90533
-1.76108
-2.19774
-2.23373
-0.109889
-2.80198
-0.67571
-2.56619
-2.16383
0.823755
1.50369
-1.0783
-2.85799
0.111494
0.425948
1.83758
1.16233
0.618817
1.16819
1.25939
-0.426428
-2.88869
1.41193
-1.409
-1.60572
0.176105
-0.573902
1.34832
1.89994
-2.74431
-1.2837
0.0427113
-1.66875
0.849607
0.959159
1.78794
0.541932
-0.606327
1.15834
-1.55805
-2.1513
1.94758
0.395773
1.313
1.24962
1.29546
0.732855
-0.426879
0.368973
1.26187
0.0945397
0.572554
-0.832075
-1.57248
-0.772628
-2.13415
-2.55677
-0.617067
-1.67854
0.913137
-1.51214
-1.09279
1.93452
1.41211
-2.33581
-2.14265
1.85799
-0.198074
-1.91132
1.27716
-0.343472
-2.12543
0.765559
0.09136
0.260909
-2.65049
0.226173
1.93028
-0.255556
-0.548725
-0.718332
1.47819
-1.03614
0.323187
-2.00829
0.940541
-0.897871
-0.686862
1.99674
1.93885
-2.1195
0.585916
-1.90746
0.658362
1.92901
0.487888
1.23483
0.66826
-2.29704
-1.34511
1.47781
-2.79492
-0.247309
-0.668534
-2.41239
1.90568
1.59112
-0.666366
-1.94917
1.76591
-1.59391
-0.00469435
-0.400195
-1.19593
-0.730364
1.37104
1.4424
-1.89438
0.636213
0.394272
-2.65439
0.253486
-1.65384
-2.7327
-0.902691
-1.33042
1.33606
-2.82019
0.282842
-2.86809
-0.674739
-2.24911
-0.465084
-0.379211
-0.960963
1.72541
-2.61711
-0.942125
1.24085
-0.126006
1.43516
-0.852089
-1.88403
1.94188
1.82614
-2.08492
-2.06621
-0.151713
0.133799
-1.29053
1.97221
1.74911
0.288383
-0.713438
1.09739
1.75916
1.4031
1.76225
0.977578
-1.91464
1.09088
-1.3329
1.20147
-1.49728
-2.51994
-1.63927
-1.96988
1.96588
1.12473
-1.11149
-1.14688
-0.393601
-2.898
-2.74451
0.215463
1.96842
-1.41652
-1.82062
0.76657
0.482037
-0.0146699
-0.436924
0.0337263
1.37008
-1.91217
-2.92256
-0.162496
-0.86131
1.21156
0.467041
0.595488
0.136499
-1.43698
-0.61643
1.94943
1.65237
0.0109104
-2.23042
1.78176
0.229666
0.604076
-1.82706
-2.34047
-1.55099
-2.85428
-0.749941
-1.34999
0.697329
-0.997112
-2.43734
1.13066
-2.91161
-2.71021
1.92364
-1.14303
-1.4109
-2.11192
-1.8441
-0.463824
-0.0702226
-1.2602
-0.873339
-2.26459
-2.49076
1.85566
-1.85928
0.11443
-1.77989
-1.64232
0.991496
-1.99685
-2.32009
-0.924798
-2.2136
-2.15731
-0.00297942
0.572583
-2.3618
0.779102
1.72979
0.564099
-2.73031
0.48076
0.972484
-0.652566
-1.98841
0.31551
-0.103787
0.55145
0.488542
-2.69258
-2.45924
-0.0831496
-2.86789
1.5373
-2.84047
-0.862075
-2.63093
1.80759
-1.73809
0.568891
-1.14321
1.22388
1.27921
-1.22097
1.61515
-1.96613
-1.72492
1.05652
-1.08268
-0.31571
1.4735
-1.84315
1.39778
-1.3661
-0.201414
1.81357
-1.92253
-0.8169
1.55075
-0.558625
1.36671
-2.91614
-0.0788342
-0.65378
1.69145
1.98138
0.50487
0.00557001
-2.12684
-2.07504
-2.02903
-0.957763
0.885157
1.1543
1.09202
-0.0294278
0.283214
-2.7019
-1.75977
-1.98784
-0.744815
-2.51235
-0.889133
-0.0995101
0.469439
-2.59134
1.41935
-1.68862
-1.63497
-2.14272
1.10021
-1.5932
0.833836
0.533526
-0.962011
1.27452
1.15342
0.351545
-2.23966
-0.371979
1.23327
-1.4562
1.41803
-2.79289
1.05335
-0.973721
-2.3244
-1.65536
0.35829
-0.737767
-0.381735
1.44622
-2.61172
-0.520366
-2.14657
-0.225659
-0.438568
0.917168
-1.43053
-2.56164
-2.93753
-1.45401
-2.37643
-2.82125
-2.19816
-2.43133
0.572252
-1.73008
-2.11496
-0.460516
1.48163
-2.15987
-0.582609
1.98754
1.68081
-0.159833
-1.16642
1.3876
-2.52884
-1.88871
1.65122
0.481872
-0.52719
-2.70658
0.839028
0.839547
0.120742
1.00879
-0.228483
-0.407064
1.08791
-1.37703
-2.10681
0.807955
-2.69356
-1.45611
-2.5583
-1.23318
0.785261
1.94629
-1.55754
1.19324
0.551707
-1.52502
-1.72415
-2.47894
0.629223
-2.12015
-1.08086
0.0933294
-2.68682
-2.13994
1.051
0.615215
-1.70179
-2.14001
-0.419562
0.937856
1.4164
0.879849
-2.86243
1.94826
-0.785371
0.858149
1.63298
-1.34703
0.537033
-1.26117
-2.9042
-1.50065
1.52614
0.141824
-1.19111
1.8287
0.645486
-1.5387
-1.26417
-0.00936876
-1.56349
1.53174
-2.14801
-1.8291
-1.64422
-2.87825
-1.97979
-0.0287607
1.23442
-0.417408
1.35905
-2.48788
0.899345
-1.49671
-0.112878
1.81518
0.539195
-0.236578
-2.08735
1.18331
0.227925
-0.629381
1.93048
1.49921
1.02465
-0.390781
-0.856256
0.487032
1.11848
0.249465
0.760689
-2.8561
1.69143
-0.371386
1.06604
1.82316
0.227954
-0.233754
1.25458
1.91004
1.45507
-1.71631
-1.00174
-2.86307
0.370811
1.86695
1.49059
0.386511
0.844272
-0.705815
0.261528
-2.56672
0.353221
-1.07918
1.9481
-2.3237
1.58772
0.852513
0.154716
-0.656074
-2.09981
-1.33354
1.44087
-1.45678
0.533899
1.40797
1.75296
1.94826
1.18396
-0.896415
-0.10511
1.24333
-1.43669
0.864744
-1.35019
-2.99066
-0.36218
-0.775504
-1.68315
-0.908315
-1.72655
-0.333789
-0.83087
-1.99753
0.84561
-1.0037
-2.64633
1.35755
0.00827092
0.164783
0.393997
-0.605738
-0.0984901
-0.0947814
1.60303
-0.322446
0.160888
1.59689
-0.765729
-2.50273
0.0160138
-2.14621
-2.32297
1.79757
1.94214
-0.443755
-0.338877
-1.60731
0.516878
-1.26145
1.9949
-0.110743
0.161316
-1.00286
1.21096
-0.190678
1.11049
-2.77532
-0.702196
-1.51057
-0.0502327
-2.28436
0.723358
0.251296
-0.319031
-1.78658
0.918129
1.91367
-2.94671
0.53678
-2.32374
0.752942
0.273292
-2.90786
-2.71278
-0.769523
-0.36635
1.7444
0.482352
-0.650752
-2.63619
0.598551
-2.29761
0.807475
-0.763714
-0.0941464
1.79912
-1.0975
1.04684
-0.150595
-0.638174
-1.80739
1.92877
1.94736
-0.259494
0.598794
-2.70577
-1.61588
-2.96218
1.13675
1.01453
0.770625
-1.2386
-2.10245
-1.26151
0.0772559
0.800603
-2.90135
-0.548273
-2.54386
1.159
-1.82204
-1.62928
0.662013
1.73879
-2.78832
1.82321
-0.360876
0.681912
-0.920947
-2.95632
0.220872
-2.73736
-2.24088
-2.81991
0.817198
-1.16129
1.89445
1.67863
-2.10058
1.43981
1.77182
0.583011
-2.68726
-2.76963
-1.02762
-0.311015
0.77847
1.8562
0.672164
-1.08528
-1.25979
0.163484
0.385126
1.96105
-2.30177
-2.36086
0.516519
1.7869
-1.79813
-1.41074
-1.15056
-1.44522
0.756161
-1.8909
-0.366305
1.67406
0.0536635
-1.96074
1.07677
-1.10099
-2.64857
0.419105
-0.71156
0.837232
0.558032
-2.83773
1.90431
-1.18448
0.749976
-2.89556
-2.49673
-0.108419
-0.109511
-1.96385
-2.87103
1.69868
-0.693959
-0.0377325
1.60501
-0.256104
-0.35312
1.26803
-2.14525
-0.0778661
0.747358
-2.86406
1.1527
-0.439488
1.2723
1.61658
-1.14662
-2.20984
-2.20979
-2.58174
1.28425
1.20316
1.07597
1.27795
1.65576
-0.556018
0.187376
-1.88783
1.84883
-1.67788
-2.3201
-0.866356
-2.32079
-0.640932
-2.24001
-0.991611
1.51831
-0.696127
0.726646
-2.81798
-0.560164
1.99436
-0.746662
1.48108
0.88704
-1.16938
-2.00277
-1.52715
-2.14508
1.63336
-2.87173
1.16636
1.47577
0.442595
-0.743355
-0.810529
-1.3021
1.50608
-1.3058
-0.138276
-1.95519
-2.1955
-1.22581
-2.32404
-2.81142
-2.31369
0.216237
0.156728
-1.73606
-1.15063
-1.88866
-2.86451
0.103257
-1.33342
0.899133
1.69005
1.43766
-1.00209
1.53852
0.814369
0.241032
0.0310431
-1.70663
-0.258936
1.83247
-0.972549
1.97368
-1.17712
1.06151
0.0288034
0.773407
-0.589528
1.81834
-2.84484
1.84746
-1.89951
-1.19808
-2.05536
1.66583
-0.303659
-0.694106
-1.44185
-1.82003
-2.45256
-2.2797
-0.633054
0.0767114
-0.335889
-1.92361
-1.30593
-0.352398
1.86429
-1.71241
1.65058
-0.802935
-2.0418
-0.987541
-0.196043
-1.89736
-0.580322
-2.3516
-1.49731
1.50124
-2.63944
-0.0503567
-0.271395
0.0797298
-0.292729
0.59384
0.55362
1.40571
-0.553653
-0.45226
1.79145
-2.71219
-2.70445
0.89706
-2.29148
1.87395
1.84149
-0.838169
0.854763
-0.628673
-1.6226
-2.10967
0.54948
1.05737
-1.49838
-1.47043
1.93895
-1.37296
0.398274
-2.66425
-2.23934
1.88824
0.209943
-0.205404
-2.84112
-0.112669
1.45848
-0.74312
-0.650423
1.89468
-2.2398
-0.152034
-1.92792
1.33528
1.28989
-0.280592
-1.23084
-2.13121
-2.39923
-0.478045
1.9564
-0.257492
0.714977
-2.78407
1.33427
-2.91142
-0.764248
1.16168
-1.56062
0.863165
-2.91463
-0.0193871
-1.32509
1.51435
0.466065
-0.817018
-0.830958
-1.8832
-1.98182
1.59735
0.698004
0.306256
-0.377597
-0.204362
1.8095
-2.31593
0.327794
-1.04391
0.0337407
1.44501
0.074634
-1.20052
-0.376407
-1.99566
-2.02007
-2.07484
1.72439
0.291663
-0.860776
-2.95157
-1.6732
1.87747
-1.7181
-2.07387
-2.25547
-0.0204594
-0.773811
-2.83876
0.24504
-1.3009
-0.72398
1.66126
1.73039
0.30953
0.262459
-0.38533
-1.77308
0.924911
1.38507
0.788137
-1.79358
-2.77646
-1.19613
-2.44212
-0.176308
-2.76292
-2.36965
-2.4298
0.97894
-1.02947
0.931802
-2.17001
0.0972553
0.35394
-0.886895
-0.851521
-0.460255
0.126984
1.96151
-2.57011
1.72915
-2.08597
1.89062
0.444714
-2.62687
-2.69371
-0.963301
-2.50915
0.783294
-1.46534
-1.15695
1.37371
1.38228
0.766379
1.83655
-0.157761
1.05141
-1.02523
1.67674
-2.14613
1.50474
-0.2415
1.94159
-1.79967
0.0880366
-1.30038
1.75863
-0.631565
-2.65742
0.279511
1.7033
1.26109
1.95881
0.43125
-2.53308
-2.1952
-2.53188
-2.27326
-2.19178
1.38934
-0.373644
1.70368
-0.133549
-1.71711
-2.81686
0.742726
0.636994
0.983654
-1.54471
-0.047862
-0.321519
-1.82975
1.02639
0.804561
-0.892106
0.992906
-0.257079
-0.736374
0.342408
1.13671
1.94269
-1.51734
0.260589
-1.72358
-0.768395
-1.35136
-2.37322
-0.415331
-0.35354
-1.56096
1.17542
-1.20471
-1.41584
-2.78508
-1.41977
0.494702
0.918205
1.26481
-1.55587
-2.80345
-2.54259
-1.38713
-0.392072
-2.01052
1.16051
0.422496
0.663759
0.277432
-1.78872
1.76157
1.05234
0.722648
-1.70007
-0.0641699
-2.27725
-0.900492
-0.955955
1.33966
-1.4493
-0.387968
-0.456461
0.532787
-1.55217
-0.305972
0.730092
-0.437922
-2.45645
0.77788
-2.73511
-2.57153
-1.65488
-2.1476
-2.47137
0.647829
1.9231
0.437804
-2.55473
-1.49337
0.653997
-2.77287
-1.82629
-1.40827
-0.590138
-1.83347
-2.65977
1.93633
-0.665306
-0.503706
-2.1288
-1.05424
1.05479
-0.723713
0.914077
-1.02564
-1.0852
0.534279
1.2033
-2.75648
1.06113
1.73187
-0.850165
-1.29661
0.303437
-0.223401
-0.265132
-2.04739
1.26312
0.93721
-0.962117
-1.23657
-1.10951
-2.37458
0.567819
-1.56667
1.86355
-0.245558
-2.48222
-0.535537
0.897495
1.06623
-2.96549
1.49431
1.71575
-2.29245
-2.06626
-2.79521
-2.90885
-0.923672
-2.35193
-2.48003
-0.673534
0.0341365
-1.45745
1.3955
-1.15132
-0.914097
-0.666836
0.790495
-1.18416
1.51361
1.4261
-2.66838
1.62681
0.870736
0.199008
-0.127888
-1.68159
-1.10514
-0.229075
-2.37572
0.198893
-0.429885
-0.503204
-2.08688
1.0687
0.831563
0.99462
-1.41878
-0.0777948
-2.08309
1.78284
-2.21637
1.23001
-1.10397
0.0882388
-1.14757
-2.26903
0.48832
0.354519
0.502169
-0.574007
-0.152092
1.84288
0.716738
-1.28886
1.09947
-2.73988
-0.31026
1.02935
0.105795
1.88081
-2.78368
-1.52718
0.740669
1.16101
-1.15812
-1.23301
-0.0552148
-1.15083
0.00465348
-2.63286
-0.860188
-2.74604
-1.79326
-0.660818
0.32797
0.663449
0.579698
-1.41069
1.12994
0.984824
-0.704506
-2.8754
-1.53857
-1.35464
-2.87384
0.169851
0.37037
1.11074
-2.61179
-2.56155
-1.02833
0.497643
-1.66007
-2.51817
-1.7649
-1.25994
-2.84173
-2.85621
-0.346118
-2.1963
-0.792653
-0.232512
0.659326
1.21499
1.89034
-2.55696
-0.168585
1.21105
1.24259
0.878949
-1.22347
1.73651
1.02327
1.57326
0.822455
1.27849
-0.6061
-1.5258
-2.30998
-0.276586
0.557896
-0.347096
-2.32219
1.06595
-2.77108
-1.51301
0.426195
-2.26609
0.514204
-0.623188
-2.66511
-0.560643
-2.40394
-2.63595
-0.0346664
0.27246
0.794296
-0.579595
0.362646
-0.773337
-0.0409021
-1.16275
0.633602
-0.448132
-0.923275
0.981683
-0.194101
-1.62037
-0.64828
-2.25987
0.526451
1.05668
-0.928238
-2.32308
-2.53844
-0.32065
-2.89662
-1.14716
-1.61311
-0.451521
-2.02775
-0.659196
-0.916293
0.297011
1.35069
1.7534
1.94424
-2.86211
1.31558
-2.70553
-2.31725
-0.136643
-2.14402
-1.10924
-0.41342
-2.2565
-1.14975
-1.00967
-1.77577
0.556836
-0.512651
-0.713425
0.529128
0.713344
1.50711
0.524254
-1.37085
-0.915889
1.05024
1.86989
0.849139
-0.808012
-1.43329
-1.63446
-1.44822
1.91981
-2.90348
-0.527225
-2.8229
-1.39282
0.696639
-1.81826
0.351503
-0.606039
-1.88704
0.530616
-1.63501
1.40771
-1.46217
-2.61768
1.43622
-2.81527
-2.5579
-2.84588
-1.27773
0.84313
-0.861862
-2.40216
-2.01573
-2.00467
-2.62275
0.83467
-0.255595
1.59983
0.745607
0.0474523
-2.97945
1.2984
1.92453
-2.4055
-1.91829
-2.5733
-1.53435
1.74714
1.21157
0.22935
0.715844
1.14836
0.00485453
-1.51017
-2.49116
-1.71482
-0.97018
-1.50727
0.572599
-0.747246
-2.31792
-2.58685
-0.666121
-1.55563
-1.06252
-1.42822
-2.59701
-2.47844
1.67769
-0.917288
-2.78276
-0.428522
-2.29818
-2.45228
-2.55598
-2.26248
1.13583
0.840384
0.0999775
-2.66035
-1.48202
1.56111
-0.403866
1.69234
-0.912298
0.215956
-0.409952
1.45723
-2.73924
-2.42496
-2.08928
-1.71088
0.0178837
-2.73029
-2.41625
-1.92388
1.96236
-0.829994
-0.956144
0.585006
0.199348
-1.90964
-0.0627343
-0.841894
0.195729
-1.27292
0.263089
-2.27203
-0.26652
-1.67751
-0.591367
0.726115
-2.05939
-1.01118
0.579823
-2.37724
-1.28923
-1.91916
-1.52676
-0.954516
0.235302
-1.15721
1.96173
-1.37517
-1.84695
1.8145
-0.367642
-2.31216
-1.26541
0.0325576
-1.10653
-2.23601
-2.34795
0.087261
-1.91632
1.31335
-1.44962
1.51032
-2.4261
-0.455456
1.4818
-2.62181
-0.0460495
-1.96661
-0.907149
1.97663
0.195195
-0.808173
-2.09088
-1.59776
-1.32399
-1.35553
0.457038
-2.6735
-2.36996
-0.404424
-2.96163
1.59937
0.445556
0.701712
-2.46948
-1.78979
0.549586
-1.28785
-0.570137
0.763642
1.19916
-1.39357
-2.26561
-1.73559
-0.84593
-1.1622
1.0338
-0.165759
1.09807
-2.41548
0.1033
0.845249
-2.54182
1.68176
-1.25152
-0.103044
-2.15769
0.759871
-1.71353
-2.01156
-1.67098
-0.993707
0.422567
1.06668
-1.2578
1.19033
0.471659
-2.83276
0.520659
0.85032
-1.38329
0.992841
1.14148
0.0617511
1.69812
-0.102726
-1.1476
0.168505
-2.59501
-1.2983
-1.5207
-2.13337
0.22405
-2.0839
-1.46914
-0.370647
-2.05028
1.75875
1.10326
-1.5415
0.599192
-1.92556
0.600928
0.958213
-0.421523
-1.38379
0.663511
0.191583
1.24044
1.54994
-2.49431
-1.83384
-0.844936
-0.342304
0.265406
-1.98338
-2.31527
-0.316833
-2.15042
1.03931
-2.06687
0.494457
-2.45238
1.7317
-2.19496
-0.0766305
0.547605
0.070753
0.0778309
0.183774
0.858136
0.811893
-2.03082
0.689851
-1.01356
1.70312
-2.27092
-2.67493
-1.08808
-0.344881
0.0963791
1.69208
1.59103
-0.176788
-1.86958
-2.33581
-1.50548
0.634436
-1.89019
-2.72503
-0.680101
-1.31982
-2.15648
0.611658
-1.01672
-1.08553
-0.323835
0.50589
0.993169
-1.65574
-2.63737
0.466824
-0.752203
-1.25666
1.59873
-2.19641
0.67265
-1.76821
-0.0629129
-2.0721
0.435028
-2.68415
0.0317742
-2.83116
0.622404
-0.491189
-1.43546
-2.67402
-2.59918
0.716318
-0.654388
-0.0407891
1.85696
-0.137478
1.19184
-2.6413
-2.85047
-0.982582
0.307275
-0.302291
-2.63603
0.461777
-2.97032
-0.909477
0.0877521
-1.37584
0.71296
0.101602
-1.85523
-2.4196
-2.85418
-2.8606
1.44317
1.9093
-0.727713
0.777252
0.93895
0.726063
-1.86672
-0.645028
0.618087
-1.23962
1.27659
-1.68312
0.9408
-1.19945
-1.37386
-2.92883
-1.64612
-0.410134
-0.295846
1.33894
-2.53278
1.61189
-1.35465
-0.126069
-2.67082
0.203169
1.74629
-0.334991
-2.4594
-2.98665
-0.840001
-0.161531
-1.99821
-1.07276
-2.57936
-0.87636
0.398497
1.67569
-2.33495
-1.61555
0.100453
-0.886752
1.98017
0.633026
-1.36963
-0.45487
1.32174
-2.20788
-1.99133
-2.88901
1.37546
1.64292
1.81142
-0.404109
-0.637533
1.95161
1.15585
-0.408909
-0.310317
1.14722
-1.26456
1.14993
1.23874
-2.02448
-2.5616
-1.18826
-2.58067
-0.0585962
0.543173
-0.999337
-2.58637
-0.176038
-0.664638
-2.72743
-0.812379
-0.246894
1.0212
-0.120596
-0.455063
-0.418991
-1.60951
-2.66375
-2.39147
-0.632571
-2.49569
-2.38123
-2.58017
0.76335
-1.96193
-1.01375
-0.545332
1.67278
-0.491544
-2.95115
0.176428
-0.974201
-2.19734
-2.44485
-1.90979
1.58266
0.277263
-1.8971
-1.34325
0.593286
-2.5664
0.154017
0.255423
1.45312
-1.77923
0.902723
1.5573
-0.270884
1.21938
1.95966
-2.08064
-2.09026
0.454726
-2.09097
0.58364
-2.76743
-1.55453
0.432914
-1.19957
-1.82621
1.1324
-0.334446
1.70413
1.61252
0.00200536
-1.71873
-1.99841
1.0101
-2.86919
-0.325751
-0.324067
-2.51116
1.93747
-1.76965
1.96759
1.34981
-0.619966
-2.65471
-0.00604194
1.11575
-2.75917
0.102993
-1.33726
0.064551
1.85866
-2.45156
1.1753
-2.38203
0.644204
-0.695687
1.03458
-2.33077
-2.54095
0.0913704
1.87039
-1.34482
1.44308
-2.3649
1.31788
-0.425711
-2.03625
-1.9736
0.909257
-0.150335
0.50398
1.04136
-2.40553
-2.99178
-0.302583
-2.12244
0.887014
0.208663
0.671127
0.0867765
0.807348
-0.743412
1.45337
1.73585
1.40739
0.212417
-1.53087
-0.998717
-1.56126
1.19282
0.140061
0.339632
-2.43932
0.307554
0.985872
-2.8576
-2.9323
-1.99835
-0.114857
-1.67434
0.365326
-1.04153
0.674987
-1.30975
0.10851
0.0620432
1.06447
1.11548
-2.01367
0.380952
-0.835285
1.26484
0.202284
0.874516
0.760075
0.973919
-2.01583
1.05291
0.482442
-2.56446
-2.40806
-2.44268
-1.53563
-2.48598
-1.31031
1.01286
0.621782
-1.97906
1.40374
-2.98582
1.7393
-1.9076
0.475583
-1.70361
1.09128
-0.814657
0.10463
-1.45059
0.656978
-1.2883
0.328462
-0.754917
-2.42178
-0.173004
0.656458
-2.28044
-2.50299
1.93349
-2.9061
-0.720414
0.336998
-0.957795
1.73352
-0.0053525
-1.69029
0.428956
1.51822
1.11866
-2.53503
0.424851
0.447571
0.916429
-1.53087
-0.68366
-1.23945
0.295649
1.57661
-2.91586
-2.03928
-1.95943
-1.44613
0.0904413
0.28737
1.64974
0.182936
-0.734338
-1.95283
-2.11532
-2.91924
-2.38737
-0.431972
-2.20575
-1.73538
-2.17544
1.65869
-2.43334
1.28532
1.52385
0.331985
1.00759
0.335699
-1.31781
0.713455
-2.70182
-1.83115
-0.669391
1.24283
1.46904
-1.89381
1.44207
1.31003
-0.101844
-0.905319
-0.202294
-0.226151
-2.32231
-1.47132
0.817873
1.66077
-0.46009
0.302473
0.332873
-0.912418
1.10964
-2.33229
-1.97183
1.31435
-0.44387
1.70322
-1.95173
-2.6995
-2.86319
1.4966
-1.3425
-2.4092
0.262597
0.937005
-0.512743
-1.92407
0.35626
-2.00386
-2.73563
0.658806
1.53413
-0.392473
-2.7935
-2.35407
-1.30248
1.98199
-2.15149
1.31175
-2.49216
-0.756325
-0.0790208
-2.13107
-1.7885
0.722357
-1.8684
-1.31927
-0.190879
1.88106
-0.107383
-2.13987
-1.79653
1.02902
-1.29051
-2.22496
1.37067
-1.37881
0.136072
1.44587
0.0383163
-1.01368
-0.635448
-1.62109
0.522598
1.13003
-0.721384
-0.794915
-1.82356
0.383775
0.276594
-0.115236
-2.41663
-0.674647
-0.500774
1.54093
0.829884
0.0777419
1.64604
-1.29198
1.00565
-1.89997
1.49142
1.23363
-1.65598
1.39918
-1.62304
0.229129
-2.99727
0.55614
-0.916196
-0.898657
-1.55448
-2.55476
-0.774167
-0.464157
0.861602
-1.32272
-2.12429
1.71966
-2.40035
-0.731747
0.28674
-0.705718
1.4772
-1.02097
-2.01205
1.71534
1.43383
0.885982
-0.290991
-1.96753
-0.812772
1.80638
-2.2582
-0.0380589
-2.17015
-2.9926
1.23127
-0.352102
-2.76839
-1.05829
-1.2982
-2.69358
0.819497
-1.50186
-2.18164
-2.18948
-0.973127
1.28266
-2.87881
-0.626874
1.90877
-0.249326
1.3215
0.531808
1.95308
-0.219885
-2.612
1.14966
-0.502756
-2.80557
-2.5269
1.41271
-0.566104
-1.32164
0.612809
0.0358796
-2.96026
1.10336
-1.41098
0.0316816
0.938124
0.0273727
0.242262
0.342014
0.335741
0.260313
0.764102
-1.65188
-1.36536
0.0399978
0.481809
0.545607
-0.963416
-0.47023
-1.15887
1.84617
-1.97866
-1.51773
-0.152554
0.758006
-2.2842
1.93239
-0.121792
0.174752
-1.08349
0.124206
0.399003
-1.91492
1.04027
-0.29943
-2.34099
-0.775606
0.801623
0.0527295
-0.483667
-0.305589
-2.57781
-2.04584
1.74102
-0.158628
-2.17313
-2.34562
-2.18748
-2.85957
0.0439254
0.101482
1.31739
-1.92732
-1.50335
1.81574
1.22077
-2.31161
-2.86173
-0.144385
0.488138
0.864817
-0.188189
-2.34726
-2.19979
0.848566
-1.96844
1.78527
-0.90584
-2.02257
-1.10886
-2.46733
1.19394
1.25436
-1.44524
-2.04343
-0.429867
-1.38605
0.383019
-0.998766
-1.7763
-1.94708
-1.42953
1.34481
0.114518
-0.546815
-2.9778
1.1922
-0.183131
0.387382
0.201953
-0.715206
-2.03684
1.22758
-2.93039
-1.7368
-2.56575
-2.36059
-0.892361
1.62144
-0.0193446
1.9261
-2.61469
-1.12711
1.96923
1.63597
-2.19876
0.0860803
-1.58157
-2.28919
-0.353404
1.95266
1.77701
1.46211
-0.466828
-1.1309
-0.0955687
0.391152
-2.90348
-1.66859
-0.91772
-1.6642
-0.548301
-0.0356838
1.06263
-2.35215
-2.73928
0.123353
-0.0635899
-1.5257
-0.754789
1.21374
0.575395
-1.27774
1.72506
-0.501237
-0.902274
-2.29397
-1.34448
-0.0589594
-1.3524
1.71032
0.34246
-2.33677
1.38238
-1.293
-1.72505
-1.69982
1.37329
-1.22596
-2.01836
-2.68961
1.2489
0.910945
-0.656904
-2.9449
-1.02925
-2.77836
-1.23792
-1.73918
-1.14994
-1.44524
-1.79425
-2.94203
-0.619526
-1.28253
0.167095
-0.782816
-0.318535
-0.550895
-2.28162
0.496565
1.37889
-1.22436
0.65964
0.472895
-0.719346
1.29379
-2.71365
-1.90542
-2.86739
0.755323
-0.248653
-2.24872
-0.00141128
-1.70372
-2.22362
-0.350601
1.54868
-0.775294
-0.730168
0.72092
1.87978
0.975873
-0.323277
-1.12116
0.634563
-2.07285
-2.3614
0.74286
0.0614847
0.442913
1.46464
-2.04837
-2.42394
-1.23688
0.972445
-0.1556
-1.6722
-2.96348
-1.02096
-2.6104
-1.18332
1.57671
-1.86216
0.100017
1.47018
-0.550083
-1.30172
0.856782
-1.21224
1.77777
0.10871
-2.73843
-1.58195
-0.430825
-1.75373
-2.51566
-2.51184
-2.28663
1.41664
-1.81471
-0.70627
-0.501879
-1.81361
-0.508331
0.0109562
1.25073
1.06982
-1.90823
-2.23809
-1.35682
1.64426
-2.98599
0.959812
-2.1562
1.37344
-0.0934623
-1.17714
-2.30146
-0.0272499
-2.16327
-1.30708
0.0106461
-1.83903
-2.85865
1.29619
-0.103896
1.81785
-2.65733
-1.76243
1.2725
-2.71843
-1.02505
-0.448013
-1.93572
0.678704
-2.58681
-2.99603
-0.109223
-0.69062
-0.519009
-2.30232
-1.22835
0.670897
-2.9303
0.0710549
-1.17878
1.61456
1.92856
-0.31226
-2.16283
-0.580612
-0.00953752
-0.948583
-2.54874
-1.54298
-0.0612802
-2.77972
-2.34822
-2.29704
-2.64029
-1.24788
0.172792
-2.05698
-2.57012
-2.04934
-0.935912
-2.52182
1.68297
-2.88118
-0.519661
-2.54394
-1.86704
-1.25363
-0.201099
-2.70286
-1.16503
-0.244665
0.92071
-1.86615
-1.8637
-2.76883
-2.62832
0.348672
0.093562
1.94945
-0.995758
1.49185
-1.06524
-0.61404
-1.0518
-1.49176
-0.0854877
1.20847
-2.82158
1.29131
-1.78529
-2.80399
0.290325
0.653191
-1.05899
-2.46708
0.283602
-1.7557
-2.03297
-1.40082
-0.342368
0.317002
-1.89689
-2.97635
-2.80324
-0.109464
0.940242
0.849898
-2.00543
-0.548716
0.909415
0.748408
-0.116322
-1.9758
1.93743
-0.583305
0.466714
-2.69968
-2.55756
1.12231
0.654923
-1.4221
0.733325
-2.87005
-0.0755969
1.82406
0.757958
1.49723
-2.17198
0.966232
-2.93951
-2.46129
0.040168
1.17549
-0.416842
1.44371
1.68394
-0.507277
-1.31375
1.07802
0.928441
-0.00984866
-2.64515
1.90734
0.572719
-2.12417
0.0304629
0.915048
0.95543
-1.37586
-1.57883
-1.19873
-1.14819
-1.2357
-0.404253
-2.69744
-2.87833
-2.52643
1.35297
-2.51532
-2.80991
-1.22963
-1.27191
1.46113
-2.88153
1.64272
-1.91762
0.0352575
-1.40473
0.638609
1.3625
1.8265
-2.44701
0.922754
-1.1333
0.226294
-1.87862
0.605517
-2.9703
0.858449
1.09857
-2.45951
-2.9601
-2.07263
-1.21821
0.993009
-2.35955
-2.38086
-2.48184
1.75503
0.584818
-1.81348
0.300251
1.42605
1.31926
1.08393
1.15306
0.124788
1.27345
1.14013
0.319935
-1.35916
0.826086
-1.65805
-1.23413
0.607129
-0.677401
-0.799846
-0.702745
1.95825
-1.46783
1.10792
0.154106
-2.50388
-0.239638
-2.00372
-2.9581
0.7227
0.971399
-2.98161
-0.736824
0.243122
-0.279628
-1.4441
1.86166
-0.850309
-0.593664
-1.42795
1.56865
0.947762
-0.229582
-2.92941
-0.592934
-0.715893
-2.43491
-1.71354
1.96814
-2.32785
1.13814
1.86599
-1.53159
-1.62553
0.5022
-1.5398
0.606007
-0.799561
-0.692408
1.28983
-2.45331
0.6948
1.96337
1.23297
-0.647683
0.445725
-0.438665
1.03711
1.0053
-1.9787
1.9567
1.30218
-1.29292
0.983332
1.93311
1.19539
-2.49044
-2.60458
-2.79196
1.72776
0.404918
-1.93886
-2.17569
-0.587695
-2.06828
1.67561
-0.139941
1.14592
-2.68029
-2.2932
1.51571
-0.384177
-2.14286
1.37644
-0.149378
-1.54129
0.35009
-0.781491
1.09992
-1.53245
1.99368
1.14502
-2.37882
0.29004
0.754063
-2.63468
-2.90762
-2.60532
0.754303
0.158134
-0.490922
-2.60187
-2.62904
0.589402
1.42529
1.39246
-1.15694
1.50193
-1.77436
-1.48208
-2.82791
1.12044
-2.15889
-1.58009
-1.9818
-1.52325
-1.40241
0.962083
-2.27059
-0.453272
-0.0111507
0.15348
-2.53781
-0.925615
-1.25535
1.25206
-1.12138
-2.02552
-2.34901
-2.12113
-1.33869
0.804187
1.65969
1.75733
-0.824584
-2.78278
-0.0820723
1.1212
-1.38867
-0.229338
-0.965408
0.571389
1.19687
1.75199
1.54088
0.680582
-2.19859
0.264876
-2.34872
-2.55148
-1.96173
-1.50447
-1.77201
0.262094
1.98515
-0.69942
1.5416
1.52111
1.45608
1.36659
0.716205
-1.7609
-0.820463
-1.61477
-1.84676
-1.56313
0.790217
-1.48166
-2.39992
-1.54207
-0.612606
0.00763827
0.705638
-0.173414
-0.877685
1.55441
-2.08048
-2.49664
1.92549
-2.84362
1.33195
-2.02554
0.405354
0.49992
-1.51838
-0.326694
-2.82172
1.44806
1.27001
0.494011
0.295394
-1.05091
0.253198
-1.5265
-2.31128
-2.59739
-1.40879
-1.29148
1.64645
1.54221
0.518189
0.654602
-0.547066
-2.74749
1.35616
-0.0837357
-1.53546
-0.276116
-2.75639
-0.659571
0.279343
-0.658254
-1.48074
-1.39641
-0.0873137
-2.64232
-0.0384574
1.29732
-2.40142
1.74056
1.80065
-1.76339
1.51542
0.914019
-1.02399
0.714068
-0.71493
1.2954
-2.44431
1.439
-2.4176
1.83288
0.787482
-2.42153
1.65115
-2.78976
1.27718
-0.874408
1.49869
-1.75381
-1.78708
-2.88907
0.567286
0.427279
-0.102474
1.70492
-1.19732
-2.10283
-2.08879
-0.770738
-1.62247
-2.11082
-0.793213
1.47142
0.916232
0.417532
-0.0177975
0.875615
-0.288883
-1.4495
-0.240158
-0.0525364
-1.12228
0.459517
1.29303
1.24188
0.135932
1.1393
-1.351
1.65903
0.223321
-1.08364
-2.87214
-0.920849
0.247987
-0.823741
-2.98274
-2.63497
-2.87358
1.8103
0.913188
-1.08475
-1.60919
-1.86984
1.362
-2.39865
-2.25191
-2.68448
-1.26847
0.951165
-1.16959
1.72512
-0.80408
-2.45109
1.5884
-2.02052
0.848512
-1.18451
-2.23052
-0.708222
-1.66044
-2.65867
-0.0952743
0.854949
-0.538093
-2.83029
1.35737
0.95309
-2.98181
-1.14856
-0.729935
-0.0649469
-0.712414
-2.1033
1.61537
-2.87797
-0.179544
-2.18647
1.02145
-1.52366
0.0210686
-2.16631
0.217114
-2.98747
-1.4531
1.99509
1.62215
0.47781
0.983646
-2.96728
-0.506246
1.83688
-0.397433
-1.8101
-1.29274
1.83197
1.77639
1.57352
-1.38499
-0.847946
-2.39937
0.921885
0.405477
1.62342
-0.758225
-0.0283798
-0.580287
-2.42823
-0.0463604
0.732267
1.10403
0.328365
-1.55105
-0.48008
-1.24295
0.401315
0.085347
-0.708495
-1.02271
0.752623
-0.546568
0.316752
-1.20755
0.871113
-0.424402
-1.95229
-1.98986
-1.3648
-0.492645
-0.559848
0.0818373
-2.3178
-0.0153546
-2.14103
0.109207
-0.636812
-2.58524
0.361533
-1.55975
-2.57303
1.93986
-0.707704
-2.28099
-1.21638
-1.7385
1.43823
-2.47897
1.64295
-0.543763
-1.21801
1.56485
-0.223308
-2.9007
-2.1527
0.103731
1.40393
-0.220548
-1.16125
0.314188
1.2979
-2.10832
1.13914
0.792651
-0.993845
1.42986
0.977966
-1.17924
-1.40793
-0.0789841
1.06622
-1.40208
-0.345141
0.513739
0.391052
-0.005589
-1.4632
1.80114
-0.927813
-1.87708
-2.17998
0.504587
-1.18531
0.907161
1.29666
-0.934283
-0.380158
-1.5853
-0.500672
-0.132843
-2.78579
0.362938
1.43348
-1.68184
-1.64385
0.568952
-0.0768828
0.450919
1.58417
-1.4425
1.86326
-0.813175
-1.25558
0.829996
-1.76403
-1.31737
0.74644
-2.11086
-2.979
0.915579
-2.26238
-0.887513
-1.63177
0.382197
-0.0499541
-1.86322
-2.01091
-0.151608
1.76491
-1.7941
0.79209
1.57553
-0.182685
-2.99263
-2.6526
-0.227513
-0.326912
-0.980613
-0.0910146
-2.22568
-0.709103
0.972578
0.677771
-1.37601
0.608117
-1.62704
0.432371
-0.146144
-1.84977
0.922198
-2.0045
0.657703
-0.0781401
-2.04612
1.14569
-2.69812
1.59231
-0.553652
-1.17674
-2.19768
1.44013
-1.57925
-2.38622
1.25553
-0.79278
-1.25037
0.688678
-1.46562
0.306739
0.178792
-1.55938
0.840806
-2.62174
-0.874872
0.113788
0.433837
-0.579634
0.353882
-0.67466
1.67957
-1.49983
1.70282
0.876594
-2.74151
-0.00324269
-2.36025
-1.12419
-0.700295
1.82618
1.33354
-2.20422
-2.39706
-1.64219
-0.30034
1.8377
1.13407
1.94722
-2.1229
0.411191
-2.44816
-1.10883
-1.70033
1.94644
-0.936389
1.78733
0.205497
1.09798
1.78712
1.51208
0.541281
-2.20374
0.106115
0.222643
1.55303
0.538329
-1.67165
0.422525
1.47059
1.14924
-0.299135
1.83746
0.437505
0.916064
-2.39762
-0.746187
0.535678
-2.94717
0.991916
-0.148809
0.390493
1.25176
-1.64709
-0.72034
-0.295248
1.1064
0.021307
-0.204928
-0.630327
-1.01151
1.82855
-1.79752
-1.16025
1.59474
1.32046
-0.42669
0.538993
0.759866
0.815282
1.41342
1.29779
-1.59897
1.62224
-2.80744
0.451432
0.315845
-2.76007
-2.2471
-0.042524
0.742205
0.797158
-1.60418
-0.00111428
0.294949
-1.06608
-2.57847
1.41065
1.60255
-0.727688
-2.06215
1.01916
1.59176
-1.47383
0.702584
-1.66554
1.10807
-0.900381
-0.715862
-2.67656
0.535007
1.04694
-1.77703
-1.61865
-0.852786
-2.36763
1.43887
-0.132652
1.12604
0.233512
-1.23262
-1.61753
-0.0739954
-0.397297
-0.877473
-0.640371
-2.33537
0.281273
-2.35906
-2.16411
-2.35814
-2.75856
0.408665
0.808547
0.347659
0.893063
-2.288
-2.14914
-0.190406
0.202872
0.701456
-1.67632
-0.395695
-0.361198
1.86287
-0.629126
-0.182374
-2.44382
1.96149
-0.816742
-2.64968
1.58077
1.47721
0.355007
-1.42955
-2.72137
-2.58863
1.61877
-0.282672
-2.41385
-1.96328
-1.95899
-0.764291
0.235829
-1.49974
0.481664
0.930791
1.80299
1.64934
1.58062
0.0734994
1.41278
-2.86708
-0.936598
1.87324
1.16641
0.63323
1.86253
-0.284345
-1.55674
-2.30581
0.521465
-0.758906
-0.37911
-2.76604
-0.931582
-0.0918239
1.35122
-2.96531
0.104237
-1.46943
-1.42753
-2.20943
-2.73192
0.400587
0.995704
-1.9364
-2.43193
-1.16759
-2.62619
0.898351
1.50875
1.23919
-2.91828
0.489769
-2.22349
0.556898
-2.88045
1.58738
-1.69539
1.57041
1.53551
0.394889
-1.49119
-1.19664
-2.22063
1.26687
-0.873232
0.665101
-2.589
0.934358
0.527866
0.307421
-1.08683
-0.652851
1.02537
1.86651
-0.327179
-0.891261
-1.46126
1.59251
-0.0966316
1.35057
-2.62953
-1.31767
1.11292
-0.982959
-1.53251
-2.96381
-0.168767
-0.26968
-1.83359
0.831316
1.75114
-2.08859
-2.08294
-1.75584
1.426
-0.622888
1.04082
1.12951
-1.61166
0.303885
0.386771
-2.42152
-2.36986
1.83729
1.44792
-2.85803
0.35265
-0.512194
-1.90902
-0.156207
-0.0180564
-0.454525
-2.53392
1.2041
-2.55967
-2.26655
-0.91041
0.813889
-0.15955
0.0210669
-2.92778
-1.30071
0.282048
-2.95304
-2.74093
0.0589343
-1.05794
0.796676
1.45644
1.27927
0.488975
-1.52184
-2.26767
0.00256691
-0.162038
1.46641
-2.76671
-2.96473
-2.60225
1.76129
1.7337
0.898736
-2.90419
-2.65488
-2.63266
1.69467
-1.9406
1.9151
1.71953
-2.68028
0.278712
1.29349
-2.07822
-2.31945
-0.517856
1.33301
0.737543
-1.4083
1.21016
-0.945811
1.14199
1.24397
-1.13022
-1.62142
-2.32614
-2.15776
-1.1174
-0.366568
0.734202
-2.56444
0.863252
-2.60265
-2.55749
-0.540009
-2.41739
-0.44469
-0.673638
-2.11403
-2.56801
-2.92957
0.252198
1.68369
0.206565
0.125224
0.0540258
-0.60301
0.639777
1.17269
0.824767
-0.679987
-2.24499
-2.57902
1.14117
0.951191
-1.95368
0.532462
-0.671059
-1.78481
0.087115
1.22607
-0.138379
-1.78435
1.71744
0.995291
-2.59911
0.0565566
-2.05805
-0.157787
-1.06163
-2.61788
0.618117
-1.71845
-0.156219
1.0922
-1.4533
-0.480961
0.132966
1.01168
-2.8793
-2.3245
0.705781
1.01008
0.555026
1.07128
1.9923
-2.91022
1.31729
-1.57072
-2.43097
0.738212
-2.68926
1.09326
-1.84795
0.211811
-1.47542
0.177658
-1.88985
-1.26613
-2.72792
-0.63974
-0.409039
0.709557
-1.50584
0.364182
-2.77507
-1.03269
-0.407907
-0.430195
0.569116
0.503073
-1.67131
-0.553846
1.62739
-2.35544
-2.32645
-2.69542
-1.38208
-2.61033
-2.68977
1.9639
-0.574622
-2.11662
1.45524
-1.58517
0.756273
-0.331992
-0.473111
-1.87212
1.13088
0.897586
0.829965
-1.61157
-1.2712
-0.314692
-2.77195
-0.143152
-0.493307
-0.218166
0.961062
-0.308948
-2.56952
0.105424
1.69625
-2.08579
-1.97449
1.88273
-2.95846
0.324933
-1.31876
0.210752
-1.19634
0.710594
-2.2843
1.08252
-2.1711
-0.824793
0.417851
-2.6611
1.03773
-2.85334
-2.78221
0.566297
-1.62606
-2.62404
-2.52233
-1.09535
-0.551701
0.200811
-2.48611
0.573469
-0.174957
0.748687
-2.15627
0.912766
0.243215
1.60069
-1.02967
1.29007
-0.855764
-1.13542
-0.985313
-0.19336
1.90921
-0.936264
0.99442
1.84956
-0.255132
0.455569
-1.0747
-2.44407
0.839289
-2.60937
-1.99782
0.704234
-1.86068
1.2819
-1.79372
1.55553
0.803642
-2.13328
0.468486
-0.772995
-2.02007
-2.0775
-1.012
1.26537
1.75684
1.64819
0.798723
-2.85649
0.715865
1.37642
-2.2519
-2.37274
-0.872635
-0.00511411
-0.922613
0.878451
-1.33617
-2.09618
0.0648773
-2.8671
0.981094
-2.95287
-2.22606
1.63104
1.17931
-0.604337
0.275992
-1.37367
-0.951084
0.60822
-2.74576
-0.453869
1.18221
-0.894366
1.02586
-0.346543
-2.60663
-1.06593
-1.60739
-2.50848
0.0859682
-0.725306
-1.10682
1.50015
-0.0397973
0.572389
-0.647296
1.38961
1.93964
-0.943686
0.745057
-0.383073
-2.40133
0.86496
0.354677
0.0505431
0.390732
-0.836292
-0.386767
-1.0798
1.64836
-2.02439
0.734638
-2.39002
-0.148034
-2.51824
-2.60193
-1.21655
1.21108
-1.66968
0.950072
0.177581
-1.85319
0.184316
-2.56786
-0.94534
1.1964
-2.37789
-0.380136
0.945505
-2.17175
-1.86968
0.010256
-2.55586
-2.78209
-0.301399
-2.53845
-0.929942
-0.549936
1.61738
-1.30054
1.39841
1.3825
0.548531
-1.02436
-0.898691
-1.38202
-0.881326
-1.5577
0.273566
0.37331
1.61142
1.1011
0.222172
1.65803
-0.621154
0.372946
-0.49376
-0.112227
-2.56907
-2.19042
1.86777
-1.33238
-2.22155
0.603021
-2.49334
-2.95044
-1.35642
-1.22429
-0.330242
-2.83692
-1.54078
0.816842
-0.000525751
-0.329858
1.06961
-1.73359
-2.23598
1.39106
-2.8408
-0.0605794
1.1085
-2.23494
-1.35851
-2.27092
1.17591
-1.87106
-0.319113
-2.83901
0.621351
-2.43202
-2.0336
-0.0987977
1.05195
1.80603
0.100148
0.270373
1.63015
0.969492
1.53932
0.945947
1.52967
0.472876
-2.33813
-2.6725
-1.45606
-0.158368
1.07685
1.35097
-2.39709
-0.66186
0.0290741
1.0935
1.71083
-0.578741
-2.74969
1.39012
-2.01388
-0.888137
0.374714
-1.08438
0.969563
-1.08526
-1.08343
-0.856651
1.53125
-2.86661
-0.794923
-0.964422
0.179314
1.39334
-0.902608
-2.43425
-0.719282
1.91971
-0.751426
-2.15588
0.927366
-1.18307
0.603205
1.66992
1.72305
-0.492085
-2.09388
-1.44599
0.106352
-1.0439
0.273825
0.577051
0.757628
1.30346
1.84336
-2.80959
1.91712
-0.82418
-2.13494
0.411863
-1.24615
-2.6189
1.78212
0.228652
-1.18788
-0.0681247
0.456876
-1.77012
-1.28531
1.48833
1.4952
-0.659485
1.00914
0.189468
0.777463
-2.35654
1.44784
-0.961132
-1.49211
0.18482
-1.06572
-0.792479
-0.743164
0.32137
-1.94729
-2.1367
0.181178
-1.80733
-2.50664
1.10221
-1.7831
-0.0898694
1.69778
0.322352
-0.138812
-2.11372
-1.03681
-2.81536
0.949845
-2.34897
-1.42168
-1.03937
0.949992
1.07276
1.3945
-1.23997
-0.1756
1.92574
-2.95529
-2.67246
-1.97106
-0.0163049
-0.736823
-0.742437
-2.85528
1.90309
1.30088
1.66343
-1.11506
-1.33739
1.56576
-0.731757
-0.696426
-1.39987
0.31201
-2.64628
-1.74222
0.287121
0.481605
-2.33834
-2.14681
-1.05087
-0.635907
-2.46779
-2.43539
1.96053
-2.14554
-1.55549
0.677408
-2.80235
-0.490684
-2.77221
-0.940433
-2.23076
1.63684
1.94922
-0.491179
-2.86082
-1.8299
0.403397
1.54136
-1.7357
0.893291
1.43188
-2.93455
-2.29185
-1.44462
0.965456
0.466302
-1.30519
-0.0786885
0.837645
-0.575157
-2.87357
0.244773
-2.59137
-2.65884
0.92156
-2.82736
1.28013
-2.13267
-2.25008
1.89339
1.16109
0.142445
-2.38276
-1.42015
-0.133636
1.97551
-1.41559
-0.377361
-2.62868
1.66244
-0.829144
-1.82599
-1.189
-2.94444
-2.97051
1.43689
1.3338
-0.475463
0.518465
-1.42697
1.31776
-2.97724
-2.22952
1.19626
1.12369
-1.18822
-2.45502
-2.96385
1.44927
1.51598
-0.066506
0.695947
-0.580052
1.798
-2.25089
0.946975
-1.43549
0.631569
0.98728
-1.59679
-2.42153
-0.379066
-0.528426
1.21671
-2.43821
0.974933
-1.82216
-1.95219
1.44384
0.2332
-1.09216
-0.0503286
-2.61451
1.84345
-2.70415
1.7452
-1.07957
-0.96359
-2.36419
-0.680645
0.462719
1.74913
-2.42872
-1.61045
-2.10936
1.8875
-0.224114
0.738287
1.66479
0.79786
0.416719
-0.549999
-1.77623
-0.619777
-0.37097
-1.29677
0.744848
-0.970628
-1.47041
0.166846
1.13144
-0.11481
-2.05266
1.4093
-0.868797
-0.241067
0.0116636
-0.35764
0.149628
1.32789
-2.2197
1.37992
-1.0591
1.2845
0.132768
-2.96233
-2.95639
-1.80514
-1.88604
1.4756
-2.12037
-0.0858359
-2.70932
-1.3337
-2.20987
0.629403
1.76434
-2.60163
-1.02154
1.00926
1.24956
0.656482
-1.23954
-0.968845
-1.11141
1.48489
0.293487
0.697425
-0.711687
0.335044
-2.2177
-0.173692
1.37128
0.0854577
0.174745
1.50087
0.714273
0.0509294
-2.07158
1.45169
-0.370946
-0.0568788
1.56059
-0.348268
0.872973
-0.347016
-2.2811
-0.568223
-0.666559
-1.02879
-0.446676
0.811434
-0.506467
-1.18889
1.67986
0.257912
0.920249
-1.47962
1.5796
-1.73525
1.1779
0.816582
0.715602
-1.482
0.297758
-2.85396
-1.03091
1.31387
1.80192
0.095234
-0.0282457
-0.884017
-2.2667
0.769073
-0.826258
-1.31101
-1.79438
-1.61377
1.9789
0.355329
1.5962
-2.57994
-1.40293
-0.102811
0.0524935
0.322526
-2.29075
-1.14534
-2.44837
-2.61122
-2.54036
