-0.920003
-2.54018
0.782052
-0.351499
1.65218
-1.08249
0.269595
-2.66579
0.613302
0.355747
-1.08292
0.158174
1.42354
-0.402918
0.257593
-1.81113
-1.68774
0.81099
0.766779
1.54604
-2.63657
-1.63645
1.48828
-1.62547
-0.41854
-1.20368
-1.76481
-0.567413
1.23083
1.15483
-2.82714
1.95519
0.396482
0.832474
-2.69718
-1.07929
-0.611341
1.73882
1.67346
1.52327
-1.40484
0.505953
-2.96151
-1.17331
-1.66928
1.93321
-1.61459
0.147717
-2.16746
0.680409
-0.817943
1.91275
0.681123
-1.83403
-2.54634
-0.477386
-0.530117
-2.74958
-0.677771
-0.365356
-0.939596
-1.46839
1.5516
0.851023
-0.351263
-0.31348
-0.0551168
0.433864
1.56909
-2.10836
1.44286
1.13909
-0.496465
-0.141726
-2.83473
-1.65341
0.62706
-0.433631
1.45369
0.741463
-1.93624
-2.76268
1.2102
-0.227081
1.01203
-2.73269
-2.985
0.442277
-2.92066
-1.80045
-0.0444321
0.124246
-0.91257
-0.660413
-0.923027
0.406731
-0.327751
-2.86562
-1.4123
-2.37317
