-0.280258
1.99558
-1.93227
1.7608
-0.662341
0.820024
-0.911381
-2.23198
0.544603
-1.05073
1.34632
1.1821
0.412471
1.14354
-1.77973
-2.64468
-2.67403
0.00505054
1.73773
0.884329
-0.887701
-1.58922
-0.116417
-0.470221
-1.17421
-0.427827
-1.90295
-1.00928
-2.04088
-1.57982
-1.832
0.973849
-2.99702
-1.05588
0.481214
-2.94342
-0.00891682
1.14177
-2.31773
-2.03016
0.764702
1.93969
0.460845
-1.40611
-2.59131
-2.1156
0.915766
-2.7178
1.68949
-2.21134
-0.573374
-2.5947
-2.19156
0.694983
-1.93074
-0.230443
-1.65393
0.567112
0.514947
-1.70579
-0.845761
-1.71416
-1.03491
-1.86496
0.16715
-1.40411
-2.28477
-0.369384
0.480037
-1.14887
0.173587
-2.60868
-2.32334
-1.73039
-0.620519
-1.41996
-1.15129
-0.430318
0.358921
1.09863
0.812854
-0.0600554
-2.49181
0.147859
0.643042
-1.44631
0.347603
0.306777
-0.385961
-0.414273
-2.92525
0.499172
0.381185
1.14619
-0.990835
-1.06084
1.85043
-1.35167
-1.3922
0.470118
-0.269317
-0.409582
-1.62895
-0.696513
0.919326
1.30113
1.91618
1.21988
-0.0878944
1.93251
0.75855
0.0281985
-2.41282
-2.24803
1.72376
-0.215821
-2.88958
0.214894
0.350492
1.58924
-0.769883
0.539132
1.08551
-1.66693
0.53475
-0.076064
0.478396
-0.279886
-2.18459
-0.357259
-2.19626
0.134307
0.91496
-0.816808
-0.76567
-2.96829
1.51651
0.40281
0.733396
-1.28091
-0.697829
-1.14045
-0.3952
0.295267
-2.95326
0.430508
-2.64683
0.603839
-2.48101
-2.97873
-2.19863
0.546599
-1.92087
-0.0594044
-1.05134
-1.76633
-1.60353
-2.66575
-1.51489
-0.291449
-1.07115
1.16841
-0.407608
-2.72361
1.06633
-0.288034
-2.71262
1.28096
1.95767
-1.60244
-0.11112
-1.57029
-1.34413
-0.721242
0.879402
0.769314
-2.05862
-2.24844
-0.521545
1.70082
-2.60042
0.405822
0.618819
-2.74699
-0.551741
-2.37034
0.0380573
-2.14411
-0.400058
-2.99171
-0.714191
1.86678
0.694794
1.19051
-2.85322
-1.77707
0.478187
-0.767552
0.803086
-1.24341
-1.89657
-2.41714
-0.610978
-1.70493
0.396661
-1.21538
-2.9696
0.327517
0.437072
-2.38181
-0.00320345
-0.878321
1.07966
-1.6819
-2.58747
1.77014
-0.235689
-1.11225
1.93441
0.474282
-1.95219
0.0706276
-2.59823
-1.74922
1.67015
-0.817872
-0.528777
-0.840459
-0.18699
-0.318666
0.84557
-0.265126
-1.87599
-2.12013
1.06524
0.847187
-1.83154
-2.17036
0.720521
-0.740744
-2.43162
-2.85182
1.18103
-2.20121
-2.37528
0.105228
0.783851
-2.76181
1.87126
0.746258
1.74579
-1.20171
-1.12345
-0.500223
0.26311
-0.306694
0.265058
-1.35472
-2.38747
0.609358
0.859721
-2.73153
-0.791837
-0.579098
-0.661293
-1.72521
-1.84714
0.309968
1.86673
-0.404126
1.48957
-1.44916
-2.82206
1.82426
-2.67322
-2.81816
-1.36386
-1.97329
0.408329
-0.411464
1.20788
-2.91028
1.57012
-1.89166
-2.19958
-0.0322717
-1.14267
-0.786048
-2.38076
-2.1431
-0.724638
-2.58457
-0.116121
-0.991539
1.8859
-2.47408
-0.892107
0.0830521
-0.51709
-2.64832
-2.47515
0.344102
0.498956
0.359517
-2.59497
-1.68169
-0.368311
-1.0547
1.01009
-1.59856
-0.543285
0.557822
-0.701186
-1.55117
-0.880548
1.31821
-0.119135
-1.91807
1.18299
1.67621
-1.18958
-1.7978
-0.302477
-0.770351
-2.3298
-1.74236
-0.874044
1.73022
0.567733
1.81738
-2.7733
1.35942
-2.14422
-0.6381
-2.06588
-0.403484
-2.98386
0.0280128
-1.78125
1.12918
-1.26254
-0.451709
-1.97719
-2.68098
0.976763
0.323444
-1.83567
0.532306
-2.7929
0.835325
1.69863
-2.23342
-1.35283
0.791229
-0.777404
0.632216
-1.1374
-1.69111
1.01042
-1.83696
-0.652508
1.64575
-1.53766
0.979278
-0.317359
1.17169
-0.526845
-0.982095
-1.6694
-1.83961
-0.846908
0.158816
0.71637
1.11446
-1.44197
1.83455
-2.82878
1.88619
-0.362805
0.557856
1.30594
-2.69134
1.72625
-2.20392
-1.89742
-0.659626
-0.042059
0.0300065
0.498455
-2.79463
-2.4499
-1.08589
1.98799
1.10667
-0.292327
1.33757
-1.28193
-2.84181
0.685874
1.07703
0.354955
-0.819519
1.65957
1.93662
-2.04008
-1.10817
-2.886
-2.55504
-1.99678
0.811719
0.765869
1.64849
-2.8683
-2.61338
-0.0509533
1.28438
-2.66855
1.59618
-0.470152
-2.22293
-0.381141
-2.1929
-0.406134
-0.128199
0.00818821
-0.415459
-0.342864
-1.27064
-1.35211
-2.29645
1.88058
0.455632
0.372624
-0.0699211
0.492791
-0.0555598
-2.24392
-0.524373
-2.25805
-2.84172
1.60559
-0.545915
-2.74192
-1.39679
0.339827
-0.793434
-0.192581
-0.256319
0.0555528
0.335246
-0.240853
1.67626
-2.8247
-2.4641
0.492302
-0.488626
-2.51284
-0.962311
-2.16344
-1.63374
0.197616
0.453863
-0.565752
-1.77429
-2.88797
1.15628
-1.09943
0.568477
0.516847
0.915012
1.25265
0.619182
-1.89172
1.69127
-2.51731
0.55225
1.60126
0.250639
-1.59948
0.0276909
0.860151
-0.84777
-0.329007
-0.566594
-0.347552
-0.601086
-0.4659
-2.38525
1.49761
-1.15719
0.0536883
-1.62323
1.67968
0.257573
-2.97592
-1.82299
-1.84865
-1.30745
-1.08516
-0.0126188
-2.50067
-0.817544
-1.60536
-0.793674
-0.0141575
-0.57357
-0.917623
-2.42763
-1.98759
1.62752
-1.27712
0.830874
1.29383
1.10589
-0.932529
1.02456
0.407456
-0.434258
0.512357
-1.74289
1.87174
-0.142087
0.656819
-0.362935
-1.45836
-0.135967
1.59746
-2.71139
0.484979
-2.69929
1.01634
-0.93876
-0.879332
1.34747
-1.09696
-0.134085
-0.13779
-0.371649
0.850232
-0.659493
1.32305
-1.05414
1.05948
-1.61401
1.07208
1.41852
-2.46131
-2.18898
-1.61677
0.71563
1.50609
1.39581
-2.55073
-0.403317
-0.89981
-0.0656901
1.69936
-2.28158
-0.389683
-2.51786
-2.63565
-0.916018
0.373464
0.256473
-1.51468
-2.14602
0.550568
-0.388927
0.846801
-0.100687
-0.186942
-2.28349
1.39096
-2.19485
-1.0869
-1.30958
-2.72197
1.30811
1.40392
-1.8099
-1.34621
0.143833
-2.43465
0.176027
-0.855634
1.39206
-1.188
-2.25374
0.54294
0.437889
1.66422
-2.84298
0.405994
-0.567646
-1.16303
-0.501713
1.86238
1.48828
-0.746326
0.745725
-1.2031
-0.959113
-0.580636
-1.80795
1.29607
1.54345
-2.26902
0.703794
-2.35259
-1.15899
-2.01846
-2.2021
-1.04517
1.8794
1.8158
1.06523
0.594597
-1.08842
1.977
0.490332
-1.49939
-1.11258
0.966911
-2.05226
-2.25606
0.000663257
-0.540796
-0.121604
-0.611796
-1.21164
-0.852636
-1.3044
0.97139
0.232476
-0.506847
-1.32847
-1.54237
-0.601107
-1.42651
-2.27929
0.995174
0.334282
-2.59839
1.48262
1.16737
1.24639
-0.071627
-1.0525
0.19529
1.27183
-2.37805
-2.63245
-1.67933
1.3953
-1.545
0.011247
-1.11318
-2.75651
-2.44991
-2.22064
-1.09023
-1.55673
0.974404
-0.417343
-2.3913
-1.39694
1.60415
-0.835614
-2.27551
-0.427049
-0.674965
-2.0096
0.22449
-0.709771
-0.887238
-1.98775
1.19774
1.16824
-0.0529038
0.173097
-1.53478
1.21022
-1.1548
0.467943
-2.95196
0.788106
-2.61589
0.779278
0.741555
1.09764
-0.971068
0.595776
-2.4771
-1.1332
-2.74759
-0.922199
-1.21237
1.91016
-1.12875
-2.02661
1.67055
-2.63075
1.32086
-1.11592
1.16689
0.326541
-1.27772
-0.384638
1.15762
0.299438
0.652241
-0.0935745
-0.684706
-2.09402
0.350983
0.320736
-1.61666
0.329866
1.75877
-0.986301
1.17346
-0.325619
1.76215
1.18188
-1.33536
-2.74978
-2.90542
-0.020364
-0.195428
-0.369091
-1.25235
0.215133
0.139152
1.43363
-2.94235
-1.78386
-0.79866
-0.788148
0.116213
1.70714
-0.320218
-0.0163842
0.358241
-0.919963
1.60736
0.598974
-1.38286
1.64945
0.380326
-2.42197
0.292968
-2.83865
0.314465
1.27541
1.18541
1.09054
-2.7002
-1.14581
-1.76513
0.0120257
0.336739
0.307127
1.48622
-2.18521
1.58984
-0.12827
1.34594
-0.11785
-0.563941
-2.97206
1.17999
0.722342
0.143766
-2.01911
-1.60602
-2.41381
-1.24304
-0.786882
1.19339
-1.98421
1.7356
-1.04222
1.81268
-1.91295
1.28578
-0.1533
1.47862
-0.0292042
-2.541
-0.0477072
0.20687
-1.63779
-1.7785
-2.1179
-2.83498
-1.60253
0.279439
-0.490731
-2.36983
-0.169087
1.12313
1.80718
0.912373
-1.84052
-0.474705
-1.61207
1.51528
-0.132999
-1.04253
-2.96496
0.442971
-0.775749
-2.36456
-1.06646
-2.47219
1.76631
-1.78499
0.641533
-0.591399
-0.827486
-2.9998
-2.06011
-2.74803
-2.40801
-0.0951535
-2.88722
0.356758
1.9621
1.83862
-1.24414
-0.615242
-2.15445
-0.367728
0.240376
0.344522
0.498195
-1.19516
1.24534
1.80027
0.959912
-2.38278
-0.103189
-1.29076
-0.727264
0.898292
-2.34488
0.596021
-1.53955
1.72226
-2.177
-1.67669
-1.99392
-0.976175
0.33182
-2.63408
-2.35479
-2.46978
0.866012
1.64661
0.454658
1.99368
1.17141
1.15548
-2.42947
0.0828154
-2.31453
0.820318
-0.120736
-1.93216
-1.58768
-0.589756
-1.5889
-1.27055
0.750854
-2.42735
0.490813
1.53924
-1.21833
-1.34354
-0.830358
-1.88152
-2.21423
-1.71238
-1.93042
0.273144
-0.33234
1.35642
-2.3889
1.57184
-1.03275
-1.09686
-0.533523
-1.08794
1.08658
0.955702
-0.874465
1.38898
1.24348
-0.140544
1.47482
1.59559
1.22101
0.130762
-1.2397
0.649917
-1.66857
1.71035
0.963901
-1.25422
1.27302
-1.74022
0.0422223
-2.90874
-0.813798
-1.59228
-1.92475
-1.18904
-2.33353
0.739845
-1.42696
1.15776
-1.23843
-1.82662
-2.35195
-2.01241
1.81622
-2.37039
1.04562
-1.13169
-2.23719
-2.69869
1.43255
-2.2123
-1.28288
-2.59337
1.64264
0.882088
-2.91107
0.752624
1.06153
1.14861
1.27118
-1.69069
-2.36985
1.00584
-2.45976
0.881967
-2.84081
-1.86256
-2.39912
0.584694
0.92735
-1.80891
-1.86119
1.66503
1.93182
-2.0105
1.72096
-2.7724
-1.8873
-2.88769
-0.932102
-2.64525
-2.73137
0.0473409
-1.98591
1.29755
1.3356
-1.96125
1.93521
-1.11749
-0.823124
0.269365
0.0602887
-2.87
0.120026
-0.0709994
0.7229
0.41973
-1.95938
-0.198377
-2.59672
0.221949
-2.31142
1.17184
1.87234
-1.11533
-2.39655
-2.99213
-0.286998
-1.50394
-0.705431
-2.83461
-1.7044
0.355398
-1.18703
-2.2941
1.13964
1.85149
1.0664
